Symbol,Date,Close,High,Low,Open,Volume
F,2010-08-16,11.99,12.15,11.88,11.96,59219268
F,2010-08-17,12.16,12.375,12.06,12.2,61043477
F,2010-08-18,12.2,12.29,11.8023,12.17,54218032
F,2010-08-19,11.89,12.2,11.83,12.13,61058938
F,2010-08-20,11.77,11.9,11.6,11.85,50814381
F,2010-08-23,11.61,11.9,11.6,11.84,42449574
F,2010-08-24,11.2425,11.49,11.09,11.28,86304094
F,2010-08-25,11.32,11.4,10.95,11.04,78587068
F,2010-08-26,11.17,11.56,11.14,11.4,56953578
F,2010-08-27,11.56,11.72,11.05,11.26,63568930
F,2010-08-30,11.35,11.68,11.35,11.58,33651452
F,2010-08-31,11.285,11.46,11.13,11.27,64987238
F,2010-09-01,11.61,11.89,11.46,11.53,81988740
F,2010-09-02,11.71,11.83,11.57,11.68,39943541
F,2010-09-03,12.07,12.14,11.84,11.88,65243857
F,2010-09-06,12.07,12.14,11.84,11.88,0
F,2010-09-07,11.8,12.07,11.78,12.01,42497553
F,2010-09-08,11.8,11.95,11.7,11.81,40798682
F,2010-09-09,11.75,12.04,11.64,11.96,48528444
F,2010-09-10,11.79,11.985,11.75,11.81,37858737
F,2010-09-13,11.99,12.0,11.84,11.93,36689671
F,2010-09-14,11.98,12.05,11.89,11.96,39772203
F,2010-09-15,11.87,11.96,11.76,11.93,54102615
F,2010-09-16,12.44,12.53,12.1,12.12,141408427
F,2010-09-17,12.49,12.54,12.34,12.53,68954533
F,2010-09-20,12.57,12.6,12.38,12.55,49864507
F,2010-09-21,12.55,12.75,12.51,12.53,59130813
F,2010-09-22,12.38,12.54,12.29,12.43,53190343
F,2010-09-23,12.31,12.45,12.15,12.26,46873328
F,2010-09-24,12.56,12.57,12.385,12.42,42647786
F,2010-09-27,12.48,12.6,12.46,12.57,28805227
F,2010-09-28,12.52,12.53,12.27,12.48,42674616
F,2010-09-29,12.33,12.5,12.28,12.45,45211770
F,2010-09-30,12.24,12.46,12.2,12.44,42679587
F,2010-10-01,12.26,12.41,12.12,12.35,54565409
F,2010-10-04,12.84,12.92,12.53,12.5735,95949136
F,2010-10-05,13.01,13.07,12.92,13.0,74701900
F,2010-10-06,13.24,13.45,13.04,13.06,92325959
F,2010-10-07,13.32,13.38,13.19,13.32,53526635
F,2010-10-08,13.66,13.72,13.28,13.3,71857622
F,2010-10-11,13.78,13.9,13.68,13.72,48002802
F,2010-10-12,13.78,13.85,13.51,13.71,50056386
F,2010-10-13,13.64,13.91,13.64,13.9,59061809
F,2010-10-14,13.91,14.01,13.78,13.88,78814036
F,2010-10-15,13.8,14.04,13.61,14.0,61333536
F,2010-10-18,13.88,13.9,13.64,13.75,34938390
F,2010-10-19,13.32,13.64,13.18,13.63,84613958
F,2010-10-20,13.64,13.73,13.35,13.45,60800122
F,2010-10-21,13.81,14.16,13.66,13.78,85364910
F,2010-10-22,13.95,14.01,13.83,13.86,38003004
F,2010-10-25,14.15,14.2,14.01,14.05,77370708
F,2010-10-26,14.36,14.47,13.765,13.9724,214814344
F,2010-10-27,14.23,14.35,14.09,14.34,81025687
F,2010-10-28,14.22,14.32,14.06,14.29,51719343
F,2010-10-29,14.13,14.23,14.1,14.18,52281827
F,2010-11-01,14.23,14.37,14.16,14.32,56605930
F,2010-11-02,14.43,14.46,14.22,14.32,54691083
F,2010-11-03,15.18,15.2,14.44,14.48,185668472
F,2010-11-04,15.86,15.98,15.4,15.51,193231920
F,2010-11-05,16.21,16.26,15.81,15.98,141539803
F,2010-11-08,16.41,16.49,16.06,16.36,126505033
F,2010-11-09,16.07,16.58,15.88,16.53,133717281
F,2010-11-10,16.63,16.71,16.08,16.32,139738159
F,2010-11-11,16.61,16.66,16.2,16.54,94746122
F,2010-11-12,16.3,16.53,16.04,16.46,91657062
F,2010-11-15,17.0,17.41,16.68,16.81,233268384
F,2010-11-16,16.51,17.42,16.36,17.19,234693760
F,2010-11-17,16.68,16.9,16.52,16.76,127748531
F,2010-11-18,16.12,16.87,16.05,16.77,256937875
F,2010-11-19,16.28,16.38,15.83,16.02,130323559
F,2010-11-22,16.2,16.54,16.11,16.26,91288839
F,2010-11-23,15.7,16.16,15.62,16.01,96689061
F,2010-11-24,15.95,16.06,15.81,15.95,66919028
F,2010-11-25,15.95,16.06,15.81,15.95,0
F,2010-11-26,16.1,16.18,15.75,15.81,31557182
F,2010-11-29,16.06,16.12,15.86,16.12,61577444
F,2010-11-30,15.94,15.99,15.83,15.92,71737337
F,2010-12-01,16.46,16.5,16.14,16.24,100724326
F,2010-12-02,16.78,16.86,16.63,16.72,82484417
F,2010-12-03,16.8,16.83,16.6,16.63,67399413
F,2010-12-06,16.65,16.78,16.52,16.66,57290297
F,2010-12-07,16.56,16.92,16.55,16.91,64104224
F,2010-12-08,16.69,16.73,16.35,16.66,106699902
F,2010-12-09,16.76,16.85,16.66,16.82,47280901
F,2010-12-10,16.73,16.77,16.65,16.68,38195991
F,2010-12-13,16.47,16.72,16.47,16.65,53899674
F,2010-12-14,16.42,16.58,16.39,16.5,43069921
F,2010-12-15,16.55,16.66,16.35,16.37,44901192
F,2010-12-16,16.77,16.77,16.44,16.52,49567513
F,2010-12-17,16.8,16.85,16.68,16.76,51948040
F,2010-12-20,16.85,16.9,16.63,16.85,41879929
F,2010-12-21,16.99,17.0,16.835,16.89,35603998
F,2010-12-22,16.99,17.03,16.85,17.0,31602612
F,2010-12-23,16.78,16.93,16.75,16.9,25767159
F,2010-12-24,16.78,16.93,16.75,16.9,0
F,2010-12-27,16.87,16.87,16.6,16.72,27710072
F,2010-12-28,16.73,16.849,16.65,16.83,28413190
F,2010-12-29,16.74,16.8,16.65,16.67,25556654
F,2010-12-30,16.69,16.85,16.65,16.72,24055098
F,2010-12-31,16.79,16.83,16.61,16.65,22425965
F,2011-01-03,17.25,17.31,17.0,17.015,70794151
F,2011-01-04,17.38,17.66,16.96,17.39,106477140
F,2011-01-05,17.89,18.09,17.22,17.31,112377964
F,2011-01-06,18.22,18.29,17.95,18.03,96284315
F,2011-01-07,18.27,18.415,18.08,18.415,99029495
F,2011-01-10,18.31,18.49,18.1562,18.425,65348361
F,2011-01-11,18.28,18.49,18.13,18.48,61312456
F,2011-01-12,18.71,18.75,18.29,18.36,66841387
F,2011-01-13,18.68,18.97,18.55,18.81,100531394
F,2011-01-14,18.65,18.75,18.58,18.61,50279320
F,2011-01-17,18.65,18.75,18.58,18.61,0
F,2011-01-18,18.7,18.77,18.61,18.66,39737433
F,2011-01-19,17.9,18.72,17.77,18.71,89216412
F,2011-01-20,17.78,18.0,17.35,17.77,93501514
F,2011-01-21,17.95,18.11,17.87,17.99,48717631
F,2011-01-24,17.93,18.025,17.75,18.025,51698556
F,2011-01-25,17.89,18.02,17.66,17.86,47155738
F,2011-01-26,18.37,18.43,17.9,17.97,66834053
F,2011-01-27,18.79,18.88,18.33,18.52,67711652
F,2011-01-28,16.27,17.88,15.98,17.79,480879432
F,2011-01-31,15.95,16.64,15.45,16.56,275198179
F,2011-02-01,15.89,16.24,15.85,16.14,178894220
F,2011-02-02,15.4,15.98,15.31,15.91,187008426
F,2011-02-03,15.76,15.78,15.1,15.38,153131241
F,2011-02-04,15.72,15.95,15.6405,15.91,79198641
F,2011-02-07,16.11,16.36,15.8,15.84,118132832
F,2011-02-08,16.24,16.26,16.02,16.17,59674450
F,2011-02-09,16.09,16.3,16.02,16.13,61896699
F,2011-02-10,15.95,16.11,15.9,15.99,65334898
F,2011-02-11,16.38,16.51,15.99,16.055,94736828
F,2011-02-14,16.09,16.39,16.02,16.38,69632700
F,2011-02-15,16.1,16.16,15.95,16.03,51612779
F,2011-02-16,16.05,16.18,16.0,16.16,59843528
F,2011-02-17,15.97,16.03,15.83,16.01,53727532
F,2011-02-18,15.77,15.99,15.7,15.95,68773960
F,2011-02-21,15.77,15.99,15.7,15.95,0
F,2011-02-22,15.23,15.52,15.08,15.36,97449876
F,2011-02-23,14.86,15.04,14.49,15.015,159528736
F,2011-02-24,14.7,14.99,14.5,14.565,120283515
F,2011-02-25,15.07,15.11,14.85,14.94,78341802
F,2011-02-28,15.05,15.29,14.89,15.29,54120693
F,2011-03-01,14.66,15.12,14.6,15.1,74339127
F,2011-03-02,14.66,14.89,14.62,14.66,67126967
F,2011-03-03,14.76,14.95,14.66,14.9,66722161
F,2011-03-04,14.42,14.79,14.28,14.79,81624975
F,2011-03-07,14.01,14.42,13.98,14.34,105402075
F,2011-03-08,14.47,14.55,14.01,14.02,106709696
F,2011-03-09,14.29,14.6,14.25,14.59,68056849
F,2011-03-10,14.06,14.275,14.01,14.1,107253551
F,2011-03-11,14.36,14.463,13.87,13.9,72258870
F,2011-03-14,14.3,14.64,14.2,14.47,65186535
F,2011-03-15,14.67,14.8,13.75,13.8,108984897
F,2011-03-16,14.18,14.79,13.89,14.73,127903799
F,2011-03-17,14.26,14.5795,14.18,14.56,78692268
F,2011-03-18,14.49,14.67,14.43,14.58,64591395
F,2011-03-21,14.59,14.72,14.48,14.7,46489639
F,2011-03-22,14.34,14.57,14.32,14.52,44832909
F,2011-03-23,14.31,14.45,14.02,14.26,64447276
F,2011-03-24,15.04,15.115,14.39,14.4,128208211
F,2011-03-25,15.01,15.2,14.9,15.2,58966447
F,2011-03-28,14.86,15.09,14.83,14.99,41290304
F,2011-03-29,14.84,14.94,14.73,14.83,33304615
F,2011-03-30,14.86,14.97,14.74,14.88,40931267
F,2011-03-31,14.91,14.95,14.71,14.82,41975807
F,2011-04-01,15.16,15.42,14.92,15.03,116309235
F,2011-04-04,15.55,15.74,15.39,15.39,99126393
F,2011-04-05,15.79,15.81,15.55,15.65,72461668
F,2011-04-06,15.73,15.98,15.61,15.91,62322453
F,2011-04-07,15.53,15.82,15.45,15.71,51336115
F,2011-04-08,15.33,15.68,15.16,15.65,51197794
F,2011-04-11,14.86,15.4,14.74,15.27,85631643
F,2011-04-12,14.91,15.0,14.5,14.59,82765424
F,2011-04-13,14.98,15.05,14.8,15.04,58745733
F,2011-04-14,14.81,14.85,14.61,14.74,62386526
F,2011-04-15,14.71,14.905,14.61,14.86,47489297
F,2011-04-18,14.62,14.74,14.485,14.51,49845385
F,2011-04-19,14.66,14.79,14.54,14.65,33587928
F,2011-04-20,15.09,15.2,14.84,14.95,71006212
F,2011-04-21,15.43,15.45,15.1,15.23,53198776
F,2011-04-22,15.43,15.45,15.1,15.23,0
F,2011-04-25,15.54,15.59,15.35,15.51,54777113
F,2011-04-26,15.66,16.18,15.66,16.04,166852661
F,2011-04-27,15.58,15.87,15.42,15.85,84395991
F,2011-04-28,15.5,15.7,15.42,15.47,48148279
F,2011-04-29,15.47,15.68,15.4,15.49,40215803
F,2011-05-02,15.45,15.69,15.41,15.52,42187417
F,2011-05-03,15.38,15.56,15.26,15.42,68681528
F,2011-05-04,15.15,15.45,14.97,15.42,71777920
F,2011-05-05,15.08,15.3,14.88,14.97,62569512
F,2011-05-06,15.11,15.37,15.08,15.26,58410707
F,2011-05-09,15.08,15.2,15.02,15.12,33380688
F,2011-05-10,15.15,15.2,15.08,15.13,36654647
F,2011-05-11,15.15,15.35,15.06,15.11,55013859
F,2011-05-12,15.26,15.34,15.12,15.14,48857713
F,2011-05-13,15.08,15.3,15.03,15.215,43326601
F,2011-05-16,15.13,15.32,15.1,15.21,51708487
F,2011-05-17,14.97,15.18,14.82,15.06,65269786
F,2011-05-18,15.12,15.16,14.87,15.01,41282699
F,2011-05-19,15.12,15.17,15.01,15.1,38719619
F,2011-05-20,15.0,15.108,14.965,15.05,39287519
F,2011-05-23,14.8,14.93,14.65,14.705,49541838
F,2011-05-24,14.66,14.85,14.56,14.84,48890244
F,2011-05-25,14.58,14.66,14.35,14.54,93974517
F,2011-05-26,14.56,14.6,14.4,14.51,45970450
F,2011-05-27,14.6,14.64,14.46,14.55,35654133
F,2011-05-30,14.6,14.64,14.46,14.55,0
F,2011-05-31,14.92,14.92,14.64,14.75,66438849
F,2011-06-01,14.23,14.9,14.2,14.78,91509302
F,2011-06-02,14.18,14.365,14.085,14.26,58588036
F,2011-06-03,14.01,14.22,13.81,13.88,57224830
F,2011-06-06,13.91,14.12,13.86,13.99,54183566
F,2011-06-07,13.95,14.19,13.94,14.17,73293864
F,2011-06-08,13.7,14.01,13.65,13.96,77161619
F,2011-06-09,13.8,13.87,13.58,13.74,55365380
F,2011-06-10,13.35,13.74,13.33,13.68,96683964
F,2011-06-13,13.14,13.26,12.78,13.14,110748300
F,2011-06-14,13.43,13.56,13.25,13.29,61363130
F,2011-06-15,13.15,13.36,13.05,13.3,88736541
F,2011-06-16,12.83,13.1799,12.68,13.05,91842138
F,2011-06-17,12.77,12.95,12.68,12.94,81066976
F,2011-06-20,12.94,13.03,12.65,12.66,51392723
F,2011-06-21,13.32,13.53,13.04,13.08,72508028
F,2011-06-22,13.36,13.5,13.33,13.39,42589488
F,2011-06-23,13.47,13.5,13.06,13.12,59361890
F,2011-06-24,13.24,13.6,13.14,13.52,82743569
F,2011-06-27,13.46,13.55,13.085,13.35,50006278
F,2011-06-28,13.33,13.55,13.25,13.55,54017533
F,2011-06-29,13.42,13.51,13.32,13.41,54119696
F,2011-06-30,13.79,13.97,13.36,13.46,74123979
F,2011-07-01,14.02,14.13,13.73,13.92,66311147
F,2011-07-04,14.02,14.13,13.73,13.92,0
F,2011-07-05,14.1,14.18,13.91,14.07,47019360
F,2011-07-06,13.96,14.13,13.89,14.13,46235125
F,2011-07-07,14.12,14.22,13.9,14.13,66182740
F,2011-07-08,13.88,13.9,13.61,13.86,68554677
F,2011-07-11,13.32,13.69,13.26,13.64,61376128
F,2011-07-12,13.12,13.38,13.12,13.13,57768853
F,2011-07-13,13.27,13.43,13.23,13.3,44328129
F,2011-07-14,13.09,13.4,13.04,13.33,45988916
F,2011-07-15,13.09,13.2,13.0,13.14,41225026
F,2011-07-18,12.9,13.06,12.63,13.02,66084746
F,2011-07-19,13.09,13.18,12.86,13.0,53892574
F,2011-07-20,13.08,13.19,12.92,13.19,33450612
F,2011-07-21,13.28,13.32,13.08,13.16,43706220
F,2011-07-22,13.31,13.34,13.15,13.29,26480521
F,2011-07-25,13.17,13.24,13.01,13.04,45334208
F,2011-07-26,12.94,13.44,12.85,13.3,109165793
F,2011-07-27,12.37,12.85,12.3,12.8,113808513
F,2011-07-28,12.32,12.65,12.3,12.4,69884577
F,2011-07-29,12.21,12.42,12.0,12.11,68621558
F,2011-08-01,12.35,12.81,12.21,12.75,73793512
F,2011-08-02,11.85,12.35,11.82,12.28,97171075
F,2011-08-03,11.65,11.92,11.36,11.92,127291409
F,2011-08-04,10.86,11.51,10.77,11.49,153368729
F,2011-08-05,10.84,11.23,10.32,11.05,139254160
F,2011-08-08,9.93,10.42,9.87,10.02,202155836
F,2011-08-09,10.91,10.95,10.13,10.5,177330887
F,2011-08-10,10.41,10.87,10.32,10.82,119886418
F,2011-08-11,10.94,11.12,10.43,10.48,114926740
F,2011-08-12,11.06,11.31,11.0,11.29,79279260
F,2011-08-15,11.35,11.37,11.17,11.29,46295976
F,2011-08-16,11.22,11.45,11.0476,11.23,53398182
F,2011-08-17,11.11,11.4,10.92,11.34,52261955
F,2011-08-18,10.38,10.7,10.22,10.67,86273673
F,2011-08-19,9.99,10.45,9.9,10.05,87207193
F,2011-08-22,10.01,10.39,9.81,10.39,73424426
F,2011-08-23,10.31,10.32,10.01,10.16,52107590
F,2011-08-24,10.45,10.46,10.13,10.31,53035499
F,2011-08-25,10.28,10.72,10.22,10.53,50165968
F,2011-08-26,10.4,10.53,10.06,10.18,59398645
F,2011-08-29,10.93,10.95,10.61,10.64,48857873
F,2011-08-30,10.87,10.96,10.64,10.87,50354267
F,2011-08-31,11.12,11.3,10.98,11.03,69283535
F,2011-09-01,10.85,11.27,10.81,11.14,64030913
F,2011-09-02,10.42,10.6824,10.26,10.53,62020998
F,2011-09-05,10.42,10.6824,10.26,10.53,0
F,2011-09-06,10.22,10.27,10.0,10.02,65565561
F,2011-09-07,10.56,10.58,10.32,10.44,45052705
F,2011-09-08,10.34,10.64,10.27,10.49,45105413
F,2011-09-09,10.05,10.29,9.98,10.11,69911239
F,2011-09-12,10.11,10.14,9.85,9.86,58351992
F,2011-09-13,10.17,10.23,10.0,10.16,44205212
F,2011-09-14,10.32,10.5,10.04,10.25,70810171
F,2011-09-15,10.63,10.64,10.32,10.45,53843175
F,2011-09-16,10.62,10.69,10.3547,10.62,46859485
F,2011-09-19,10.54,10.62,10.3,10.34,41663812
F,2011-09-20,10.42,10.65,10.41,10.61,37706895
F,2011-09-21,9.97,10.51,9.97,10.4,62309204
F,2011-09-22,9.62,10.14,9.43,9.79,115851051
F,2011-09-23,9.86,9.98,9.32,9.46,70702512
F,2011-09-26,10.08,10.09,9.7,9.96,54424782
F,2011-09-27,10.12,10.35,10.09,10.32,65062161
F,2011-09-28,9.93,10.22,9.9,10.18,43567629
F,2011-09-29,10.0,10.15,9.75,10.14,52634778
F,2011-09-30,9.67,10.01,9.65,9.89,56819921
F,2011-10-03,9.37,9.92,9.36,9.66,72828062
F,2011-10-04,10.08,10.13,9.05,9.22,103876086
F,2011-10-05,10.56,10.59,9.83,10.065,96318030
F,2011-10-06,10.99,11.0,10.56,10.61,86277475
F,2011-10-07,10.69,11.2,10.63,11.04,87812390
F,2011-10-10,11.21,11.23,10.9013,10.93,57668189
F,2011-10-11,11.24,11.29,11.02,11.17,61331924
F,2011-10-12,11.38,11.8,11.38,11.4,82907451
F,2011-10-13,11.34,11.46,11.04,11.39,60021259
F,2011-10-14,11.56,11.67,11.34,11.58,54535671
F,2011-10-17,11.4,11.76,11.32,11.71,53715553
F,2011-10-18,11.78,11.93,11.27,11.41,66804196
F,2011-10-19,11.56,11.92,11.46,11.77,69510092
F,2011-10-20,11.7,11.75,11.47,11.66,62145692
F,2011-10-21,12.26,12.32,11.84,11.86,86635929
F,2011-10-24,12.51,12.65,12.3,12.31,68986825
F,2011-10-25,12.43,12.59,12.14,12.58,77049052
F,2011-10-26,11.87,12.2,11.54,12.09,159678574
F,2011-10-27,11.97,12.29,11.71,12.29,132558720
F,2011-10-28,12.0,12.07,11.86,11.97,60363193
F,2011-10-31,11.68,11.91,11.68,11.8,41740335
F,2011-11-01,11.08,11.39,11.03,11.33,108259896
F,2011-11-02,11.15,11.28,11.04,11.26,52811744
F,2011-11-03,11.32,11.39,11.02,11.29,57802143
F,2011-11-04,11.27,11.39,11.12,11.28,43133079
F,2011-11-07,11.22,11.3,11.06,11.2,39924288
F,2011-11-08,11.61,11.68,11.18,11.27,60893327
F,2011-11-09,11.04,11.3785,10.98,11.2,72025962
F,2011-11-10,10.99,11.19,10.9,11.17,50531097
F,2011-11-11,11.14,11.18,11.05,11.15,32872315
F,2011-11-14,11.02,11.165,10.98,11.12,30530087
F,2011-11-15,10.87,11.0,10.82,10.93,43972803
F,2011-11-16,10.56,10.82,10.5,10.8,49001246
F,2011-11-17,10.17,10.56,10.07,10.54,69670657
F,2011-11-18,10.1,10.3,10.07,10.28,44421981
F,2011-11-21,10.05,10.12,9.8,9.99,60890045
F,2011-11-22,10.09,10.15,9.9,10.02,43750609
F,2011-11-23,9.83,10.04,9.83,9.97,44979279
F,2011-11-24,9.83,9.83,9.83,9.83,0
F,2011-11-25,9.75,9.95,9.75,9.81,20118455
F,2011-11-28,10.0,10.19,9.9,10.15,57953210
F,2011-11-29,9.99,10.1282,9.92,10.03,40449900
F,2011-11-30,10.6,10.6,10.17,10.33,66922269
F,2011-12-01,10.59,10.81,10.41,10.51,61396936
F,2011-12-02,10.9,11.1,10.75,10.79,67252566
F,2011-12-05,11.11,11.42,11.02,11.16,65924650
F,2011-12-06,11.05,11.19,11.0,11.1,39786084
F,2011-12-07,11.08,11.15,10.88,11.0,45168739
F,2011-12-08,10.75,11.11,9.84,10.96,82552211
F,2011-12-09,11.03,11.11,10.87,10.94,48326563
F,2011-12-12,10.85,10.89,10.68,10.87,40785391
F,2011-12-13,10.48,11.04,10.36,10.92,67905531
F,2011-12-14,10.15,10.41,10.1,10.33,53224204
F,2011-12-15,10.25,10.415,10.19,10.31,46640203
F,2011-12-16,10.25,10.4,10.16,10.32,45999138
F,2011-12-19,10.02,10.39,9.99,10.25,45068191
F,2011-12-20,10.33,10.38,10.18,10.21,45235037
F,2011-12-21,10.66,10.74,10.33,10.38,56203034
F,2011-12-22,10.94,10.98,10.66,10.78,43983068
F,2011-12-23,10.95,11.0,10.79,10.99,26952969
F,2011-12-26,10.95,10.95,10.95,10.95,0
F,2011-12-27,10.81,10.98,10.76,10.87,25444771
F,2011-12-28,10.52,10.84,10.43,10.82,33450929
F,2011-12-29,10.68,10.75,10.5,10.56,34317002
F,2011-12-30,10.76,10.79,10.6,10.64,26815770
F,2012-01-02,10.76,10.76,10.76,10.76,0
F,2012-01-03,11.13,11.25,10.99,11.0,45709811
F,2012-01-04,11.3,11.53,11.07,11.15,79725188
F,2012-01-05,11.59,11.63,11.24,11.33,67877467
F,2012-01-06,11.71,11.8,11.52,11.74,59840605
F,2012-01-09,11.8,11.95,11.7,11.83,53981467
F,2012-01-10,11.8,12.05,11.63,12.0,121750545
F,2012-01-11,12.07,12.18,11.65,11.74,63806007
F,2012-01-12,12.14,12.18,11.89,12.16,48687666
F,2012-01-13,12.04,12.08,11.84,12.01,46388677
F,2012-01-16,12.04,12.04,12.04,12.04,0
F,2012-01-17,12.015,12.26,11.96,12.2,44398472
F,2012-01-18,12.34,12.37,12.0,12.03,47102604
F,2012-01-19,12.61,12.72,12.43,12.48,70894167
F,2012-01-20,12.59,12.635,12.45,12.55,43705665
F,2012-01-23,12.66,12.84,12.55,12.69,49388566
F,2012-01-24,12.82,12.86,12.46,12.56,45768308
F,2012-01-25,12.93,12.98,12.7,12.8,54021553
F,2012-01-26,12.79,13.05,12.66,13.03,75470624
F,2012-01-27,12.21,12.53,11.79,11.96,142155259
F,2012-01-30,12.29,12.44,12.0,12.06,57752526
F,2012-01-31,12.42,12.51,12.2,12.47,46425332
F,2012-02-01,12.33,12.75,12.29,12.73,71668979
F,2012-02-02,12.26,12.43,12.2,12.4,48347559
F,2012-02-03,12.79,12.84,12.39,12.47,78851121
F,2012-02-06,12.96,13.0,12.71,12.85,46363233
F,2012-02-07,12.88,12.97,12.83,12.93,39413408
F,2012-02-08,12.84,12.96,12.8,12.91,35352410
F,2012-02-09,12.69,12.9,12.67,12.89,52290479
F,2012-02-10,12.44,12.66,12.37,12.52,52507996
F,2012-02-13,12.54,12.74,12.51,12.74,34474395
F,2012-02-14,12.48,12.5799,12.34,12.46,39641904
F,2012-02-15,12.38,12.57,12.33,12.47,38174730
F,2012-02-16,12.74,12.77,12.38,12.38,49166921
F,2012-02-17,12.75,12.875,12.71,12.84,30777978
F,2012-02-20,12.75,12.75,12.75,12.75,0
F,2012-02-21,12.53,12.76,12.46,12.74,38436319
F,2012-02-22,12.28,12.51,12.22,12.49,43325932
F,2012-02-23,12.4,12.44,12.16,12.27,36747504
F,2012-02-24,12.23,12.46,12.19,12.43,31399272
F,2012-02-27,12.3,12.36,11.99,12.11,38703322
F,2012-02-28,12.25,12.35,12.2,12.34,30789403
F,2012-02-29,12.38,12.55,12.25,12.28,62093651
F,2012-03-01,12.66,12.77,12.45,12.48,68263200
F,2012-03-02,12.72,12.94,12.68,12.74,49064351
F,2012-03-05,12.46,12.68,12.41,12.67,28438485
F,2012-03-06,12.09,12.25,12.0,12.23,57374495
F,2012-03-07,12.24,12.3,12.15,12.21,28440851
F,2012-03-08,12.46,12.55,12.32,12.41,37130354
F,2012-03-09,12.58,12.73,12.48,12.53,36162779
F,2012-03-12,12.43,12.59,12.37,12.57,30275688
F,2012-03-13,12.7,12.72,12.4,12.48,42783564
F,2012-03-14,12.88,12.9,12.63,12.64,47578407
F,2012-03-15,12.9,13.04,12.83,12.9,55316864
F,2012-03-16,12.51,12.9,12.5075,12.86,77123724
F,2012-03-19,12.63,12.68,12.48,12.52,52445624
F,2012-03-20,12.54,12.61,12.39,12.48,40217366
F,2012-03-21,12.57,12.67,12.545,12.59,27528439
F,2012-03-22,12.32,12.5385,12.24,12.48,50125146
F,2012-03-23,12.32,12.37,12.18,12.31,44759245
F,2012-03-26,12.48,12.5,12.39,12.45,26756784
F,2012-03-27,12.32,12.61,12.3,12.51,35070612
F,2012-03-28,12.32,12.359,12.18,12.35,41051696
F,2012-03-29,12.5,12.52,12.2375,12.33,51039792
F,2012-03-30,12.475,12.58,12.4,12.55,36391766
F,2012-04-02,12.62,12.65,12.44,12.5,43966846
F,2012-04-03,12.64,12.95,12.46,12.71,97034507
F,2012-04-04,12.505,12.52,12.32,12.46,51507181
F,2012-04-05,12.47,12.58,12.38,12.38,37939405
F,2012-04-06,12.47,12.47,12.47,12.47,0
F,2012-04-09,12.22,12.29,12.11,12.26,42515285
F,2012-04-10,11.79,12.28,11.65,12.19,77373157
F,2012-04-11,11.91,12.02,11.88,11.99,34757940
F,2012-04-12,12.07,12.13,11.86,11.94,26988802
F,2012-04-13,11.92,12.03,11.84,11.98,39707255
F,2012-04-16,11.88,12.0499,11.83,12.01,31903489
F,2012-04-17,11.91,12.0,11.88,11.98,35994575
F,2012-04-18,11.79,11.85,11.72,11.81,32328832
F,2012-04-19,11.66,11.88,11.58,11.81,48172028
F,2012-04-20,11.41,11.72,11.39,11.71,52630916
F,2012-04-23,11.35,11.4,11.15,11.15,31305485
F,2012-04-24,11.39,11.61,11.36,11.61,38656280
F,2012-04-25,11.73,11.75,11.43,11.51,45185958
F,2012-04-26,11.87,11.93,11.669,11.71,40894070
F,2012-04-27,11.6,12.04,11.5215,12.03,76455981
F,2012-04-30,11.28,11.47,11.15,11.42,46156263
F,2012-05-01,11.23,11.34,11.11,11.25,44020268
F,2012-05-02,11.1,11.17,11.0,11.16,48572883
F,2012-05-03,10.92,11.15,10.85,11.13,40243341
F,2012-05-04,10.67,10.87,10.63,10.84,53268320
F,2012-05-07,10.66,10.79,10.52,10.53,33246708
F,2012-05-08,10.61,10.64,10.4,10.6,46195523
F,2012-05-09,10.69,10.81,10.41,10.48,54512461
F,2012-05-10,10.71,10.86,10.66,10.83,42526056
F,2012-05-11,10.58,10.83,10.56,10.61,36568171
F,2012-05-14,10.32,10.525,10.3,10.41,50225126
F,2012-05-15,10.15,10.34,10.1,10.34,41923652
F,2012-05-16,10.16,10.43,10.15,10.23,44321448
F,2012-05-17,10.01,10.25,10.01,10.16,49660696
F,2012-05-18,10.01,10.18,9.96,10.08,50571952
F,2012-05-21,10.2,10.23,10.0,10.02,38137132
F,2012-05-22,10.19,10.4,10.15,10.25,44295612
F,2012-05-23,10.41,10.45,10.22,10.32,74388176
F,2012-05-24,10.59,10.62,10.38,10.5,45334026
F,2012-05-25,10.6,10.68,10.51,10.61,30441198
F,2012-05-28,10.6,10.6,10.6,10.6,0
F,2012-05-29,10.84,10.88,10.68,10.69,43785520
F,2012-05-30,10.66,10.75,10.52,10.73,44601645
F,2012-05-31,10.56,10.68,10.4,10.62,54328730
F,2012-06-01,10.12,10.37,10.06,10.33,68237494
F,2012-06-04,10.04,10.18,9.91,10.15,57311499
F,2012-06-05,10.19,10.24,9.97,10.01,38326250
F,2012-06-06,10.57,10.58,10.27,10.29,50461111
F,2012-06-07,10.55,10.78,10.52,10.73,33846133
F,2012-06-08,10.66,10.68,10.38,10.48,30816637
F,2012-06-11,10.45,10.8,10.45,10.77,35811381
F,2012-06-12,10.5,10.55,10.31,10.47,35145470
F,2012-06-13,10.3,10.485,10.22,10.39,41384185
F,2012-06-14,10.41,10.45,10.21,10.27,37539824
F,2012-06-15,10.35,10.42,10.26,10.4,39461393
F,2012-06-18,10.34,10.4,10.26,10.35,27379767
F,2012-06-19,10.56,10.64,10.35,10.37,37162157
F,2012-06-20,10.65,10.74,10.52,10.58,40811691
F,2012-06-21,10.27,10.68,10.25,10.65,40062708
F,2012-06-22,10.19,10.4,10.18,10.35,56547095
F,2012-06-25,10.01,10.18,9.95,10.13,44299189
F,2012-06-26,10.01,10.08,9.96,10.06,31895220
F,2012-06-27,10.02,10.1,9.97,10.05,33283364
F,2012-06-28,10.09,10.09,9.93,9.93,38649023
F,2012-06-29,9.59,9.98,9.46,9.95,138158551
F,2012-07-02,9.39,9.6,9.3,9.5,63406824
F,2012-07-03,9.6,9.79,9.49,9.53,49629310
F,2012-07-04,9.6,9.6,9.6,9.6,0
F,2012-07-05,9.57,9.74,9.53,9.67,31783831
F,2012-07-06,9.5,9.52,9.4,9.47,30362984
F,2012-07-09,9.45,9.47,9.31,9.46,37441545
F,2012-07-10,9.35,9.55,9.28,9.5,33523038
F,2012-07-11,9.33,9.38,9.26,9.33,32034529
F,2012-07-12,9.13,9.28,9.12,9.26,55110953
F,2012-07-13,9.27,9.32,9.14,9.16,30249564
F,2012-07-16,9.26,9.32,9.15,9.22,28840549
F,2012-07-17,9.34,9.35,9.12,9.28,29516932
F,2012-07-18,9.38,9.52,9.34,9.38,31009999
F,2012-07-19,9.35,9.5,9.33,9.45,33614947
F,2012-07-20,9.21,9.35,9.18,9.28,27973115
F,2012-07-23,9.17,9.205,9.05,9.08,33779842
F,2012-07-24,9.06,9.24,8.95,9.17,53519167
F,2012-07-25,8.97,9.2,8.9144,9.17,44341631
F,2012-07-26,8.96,9.11,8.83,9.05,51818632
F,2012-07-27,9.0,9.1,8.88,8.99,67989295
F,2012-07-30,9.1,9.18,9.01,9.04,40966926
F,2012-07-31,9.24,9.28,9.12,9.13,41384782
F,2012-08-01,9.19,9.42,8.99,9.29,30116
F,2012-08-02,8.92,9.03,8.82,8.99,45326500
F,2012-08-03,9.09,9.15,8.96,9.02,38635840
F,2012-08-06,9.15,9.21,9.09,9.13,23819990
F,2012-08-07,9.31,9.39,9.18,9.18,43581124
F,2012-08-08,9.35,9.38,9.24,9.25,22637631
F,2012-08-09,9.34,9.46,9.3,9.31,30911270
F,2012-08-10,9.35,9.36,9.23,9.3,19620099
F,2012-08-13,9.4,9.42,9.25,9.35,21129483
F,2012-08-14,9.44,9.66,9.42,9.45,47635316
F,2012-08-15,9.49,9.535,9.41,9.44,21308243
F,2012-08-16,9.59,9.67,9.49,9.5,34329274
F,2012-08-17,9.63,9.78,9.6,9.66,34533815
F,2012-08-20,9.63,9.64,9.51,9.58,38923772
F,2012-08-21,9.53,9.7,9.52,9.65,26296175
F,2012-08-22,9.49,9.56,9.4,9.5,26969915
F,2012-08-23,9.45,9.54,9.42,9.45,23537661
F,2012-08-24,9.49,9.52,9.41,9.42,19578823
F,2012-08-27,9.39,9.52,9.38,9.51,22755278
F,2012-08-28,9.34,9.44,9.31,9.37,23084461
F,2012-08-29,9.32,9.4,9.29,9.33,26119553
F,2012-08-30,9.31,9.34,9.25,9.3,16466622
F,2012-08-31,9.34,9.43,9.31,9.39,28029580
F,2012-09-03,9.34,9.34,9.34,9.34,0
F,2012-09-04,9.41,9.47,9.35,9.37,37964956
F,2012-09-05,9.57,9.62,9.39,9.45,40616164
F,2012-09-06,9.915,9.96,9.66,9.66,68002262
F,2012-09-07,10.14,10.23,9.93,9.95,60622137
F,2012-09-10,10.11,10.28,10.06,10.08,43381269
F,2012-09-11,10.15,10.25,10.13,10.18,28165249
F,2012-09-12,10.21,10.3,10.17,10.25,28046501
F,2012-09-13,10.34,10.38,10.12,10.2,50923252
F,2012-09-14,10.53,10.57,10.39,10.41,55946745
F,2012-09-17,10.39,10.42,10.26,10.27,31929468
F,2012-09-18,10.42,10.45,10.28,10.3,34945184
F,2012-09-19,10.59,10.66,10.45,10.49,42408207
F,2012-09-20,10.44,10.52,10.35,10.48,28756899
F,2012-09-21,10.4,10.54,10.36,10.53,35467037
F,2012-09-24,10.32,10.395,10.26,10.3,28558250
F,2012-09-25,10.09,10.37,10.06,10.35,36868848
F,2012-09-26,10.01,10.12,9.86,9.98,44365526
F,2012-09-27,10.02,10.18,10.02,10.13,25740901
F,2012-09-28,9.86,10.001,9.81,9.99,44594154
F,2012-10-01,9.93,10.08,9.88,9.89,33446686
F,2012-10-02,9.79,10.05,9.71,10.01,63638421
F,2012-10-03,9.94,10.02,9.76,9.82,51024134
F,2012-10-04,10.11,10.15,9.96,10.06,46858290
F,2012-10-05,10.16,10.28,10.13,10.17,40696229
F,2012-10-08,10.05,10.12,9.99,10.06,25476621
F,2012-10-09,10.1,10.25,10.02,10.21,38244868
F,2012-10-10,9.98,10.12,9.95,10.12,33959223
F,2012-10-11,10.14,10.26,10.05,10.06,39328678
F,2012-10-12,10.12,10.25,10.09,10.14,24113287
F,2012-10-15,10.22,10.25,10.09,10.11,26466464
F,2012-10-16,10.3,10.32,10.22,10.26,32788359
F,2012-10-17,10.41,10.41,10.26,10.31,29346232
F,2012-10-18,10.43,10.57,10.33,10.36,44044130
F,2012-10-19,10.1799,10.43,10.13,10.42,40496019
F,2012-10-22,10.17,10.2403,10.03,10.14,39149657
F,2012-10-23,10.0,10.11,9.97,10.02,32484180
F,2012-10-24,10.17,10.29,10.01,10.08,49341441
F,2012-10-25,10.39,10.49,10.28,10.42,59298137
F,2012-10-26,10.36,10.42,10.22,10.35,43489899
F,2012-10-29,10.36,10.36,10.36,10.36,0
F,2012-10-30,10.36,10.36,10.36,10.36,0
F,2012-10-31,11.16,11.17,10.6,10.7,137970789
F,2012-11-01,11.25,11.3,10.88,11.19,88770053
F,2012-11-02,11.17,11.38,11.15,11.31,53408605
F,2012-11-05,11.25,11.35,11.13,11.15,38004091
F,2012-11-06,11.42,11.59,11.26,11.33,51232169
F,2012-11-07,11.06,11.34,11.04,11.25,56679828
F,2012-11-08,10.9,11.23,10.89,11.07,45949474
F,2012-11-09,10.93,11.1,10.71,10.76,40705668
F,2012-11-12,10.97,11.16,10.96,11.03,25723034
F,2012-11-13,11.0,11.1,10.86,10.89,33348309
F,2012-11-14,10.67,11.05,10.62,11.02,45664660
F,2012-11-15,10.57,10.8,10.46,10.57,48895302
F,2012-11-16,10.5,10.64,10.38,10.58,45346501
F,2012-11-19,10.83,10.9,10.65,10.65,39359184
F,2012-11-20,10.85,11.02,10.76,10.85,34745028
F,2012-11-21,10.92,11.0,10.8,10.84,21184553
F,2012-11-22,10.92,10.92,10.92,10.92,0
F,2012-11-23,11.1,11.1,10.96,10.98,16032160
F,2012-11-26,11.105,11.14,10.97,11.05,26831692
F,2012-11-27,11.1,11.27,11.1,11.1,37615831
F,2012-11-28,11.25,11.26,10.98,11.05,38496829
F,2012-11-29,11.53,11.53,11.32,11.32,57289231
F,2012-11-30,11.45,11.6,11.33,11.52,41336004
F,2012-12-03,11.41,11.7,11.4,11.56,47748982
F,2012-12-04,11.31,11.44,11.23,11.4,37766966
F,2012-12-05,11.31,11.4,11.18,11.32,33156540
F,2012-12-06,11.24,11.31,11.19,11.26,31068892
F,2012-12-07,11.48,11.5,11.26,11.27,38411368
F,2012-12-10,11.47,11.53,11.41,11.41,26028557
F,2012-12-11,11.49,11.58,11.4,11.51,36329407
F,2012-12-12,11.47,11.56,11.43,11.52,31104469
F,2012-12-13,11.27,11.5,11.21,11.461,35445838
F,2012-12-14,11.1,11.27,11.03,11.27,36936323
F,2012-12-17,11.39,11.41,11.14,11.16,46998706
F,2012-12-18,11.67,11.68,11.4,11.48,61814946
F,2012-12-19,11.73,11.85,11.62,11.79,54886619
F,2012-12-20,11.77,11.8,11.58,11.74,47756287
F,2012-12-21,11.86,11.86,11.47,11.55,94519480
F,2012-12-24,12.4,12.4,11.67,11.67,91734838
F,2012-12-25,12.4,12.4,12.4,12.4,0
F,2012-12-26,12.79,12.79,12.31,12.31,140331857
F,2012-12-27,12.76,12.81,12.36,12.79,108315027
F,2012-12-28,12.87,12.88,12.52,12.545,95668559
F,2012-12-31,12.95,13.08,12.76,12.88,106936306
F,2013-01-01,12.95,12.95,12.95,12.95,0
F,2013-01-02,13.2,13.28,13.0,13.23,75274979
F,2013-01-03,13.46,13.695,13.05,13.24,121284681
F,2013-01-04,13.57,13.61,13.35,13.51,54674987
F,2013-01-07,13.43,13.58,13.35,13.52,43482370
F,2013-01-08,13.35,13.43,13.2,13.38,46336615
F,2013-01-09,13.47,13.6,13.39,13.4,36980742
F,2013-01-10,13.83,13.94,13.68,13.78,84885422
F,2013-01-11,14.0,14.07,13.9,14.0,67646787
F,2013-01-14,13.99,14.08,13.86,14.04,46224784
F,2013-01-15,14.3,14.3,13.89,13.91,55424950
F,2013-01-16,14.22,14.25,14.01,14.16,51453381
F,2013-01-17,14.22,14.3,14.07,14.27,44299777
F,2013-01-18,14.11,14.13,13.97,14.1,45726597
F,2013-01-21,14.11,14.11,14.11,14.11,0
F,2013-01-22,14.17,14.19,14.0,14.06,35475103
F,2013-01-23,13.88,14.02,13.79,14.0,58122134
F,2013-01-24,13.87,13.98,13.81,13.82,42536100
F,2013-01-25,13.68,13.84,13.64,13.83,53405308
F,2013-01-28,13.78,13.82,13.42,13.49,51190789
F,2013-01-29,13.14,13.6087,12.89,13.5599,131148806
F,2013-01-30,12.93,13.2,12.89,13.01,59595828
F,2013-01-31,12.95,13.02,12.67,12.86,65925358
F,2013-02-01,13.02,13.131,12.94,13.1,45225661
F,2013-02-04,12.88,13.0,12.86,12.94,32709302
F,2013-02-05,13.18,13.25,12.94,12.97,39122700
F,2013-02-06,13.2,13.27,13.05,13.13,33529998
F,2013-02-07,13.07,13.31,13.0,13.26,33987445
F,2013-02-08,13.1,13.16,13.05,13.1,18613281
F,2013-02-11,13.11,13.2,13.02,13.06,17692091
F,2013-02-12,13.08,13.2,13.05,13.12,26243299
F,2013-02-13,13.04,13.14,12.99,13.11,24513057
F,2013-02-14,13.11,13.17,12.96,13.0,33496429
F,2013-02-15,13.02,13.14,13.01,13.14,32449503
F,2013-02-18,13.02,13.02,13.02,13.02,0
F,2013-02-19,12.99,13.09,12.9,13.04,31092172
F,2013-02-20,12.6,12.98,12.57,12.95,50381862
F,2013-02-21,12.39,12.51,12.3,12.51,43735721
F,2013-02-22,12.48,12.5,12.31,12.44,23874588
F,2013-02-25,12.13,12.57,12.1,12.53,38631331
F,2013-02-26,12.34,12.35,12.11,12.24,29194291
F,2013-02-27,12.76,12.85,12.35,12.35,51580730
F,2013-02-28,12.61,12.87,12.6,12.78,37696963
F,2013-03-01,12.61,12.75,12.38,12.56,38807257
F,2013-03-04,12.75,12.75,12.53,12.55,24347037
F,2013-03-05,12.87,12.98,12.79,12.87,26869986
F,2013-03-06,12.89,13.0,12.85,12.97,28953328
F,2013-03-07,12.83,12.91,12.77,12.89,27712234
F,2013-03-08,12.98,12.99,12.805,12.94,24719817
F,2013-03-11,13.34,13.4,12.9,12.97,48696891
F,2013-03-12,13.39,13.47,13.17,13.37,46047560
F,2013-03-13,13.4,13.45,13.35,13.37,26467775
F,2013-03-14,13.43,13.45,13.37,13.43,31658247
F,2013-03-15,13.45,13.45,13.26,13.31,63020566
F,2013-03-18,13.26,13.39,12.8,13.16,36877663
F,2013-03-19,13.16,13.35,13.09,13.27,37639927
F,2013-03-20,13.36,13.4,13.18,13.22,32693970
F,2013-03-21,13.26,13.42,13.23,13.25,29740265
F,2013-03-22,13.26,13.31,13.2,13.24,21423866
F,2013-03-25,13.29,13.4,13.26,13.31,27244507
F,2013-03-26,13.31,13.37,13.24,13.35,24241255
F,2013-03-27,13.22,13.25,13.1,13.23,26240589
F,2013-03-28,13.15,13.235,13.1,13.235,25474731
F,2013-03-29,13.15,13.15,13.15,13.15,0
F,2013-04-01,12.9,13.15,12.9,13.01,32966116
F,2013-04-02,13.01,13.19,12.96,13.0,35197488
F,2013-04-03,12.68,13.05,12.59,13.05,45191908
F,2013-04-04,12.65,12.78,12.4463,12.68,29808049
F,2013-04-05,12.44,12.5,12.15,12.43,42610678
F,2013-04-08,12.78,12.83,12.4,12.46,23891018
F,2013-04-09,12.8,12.96,12.75,12.85,29826101
F,2013-04-10,13.12,13.13,12.82,12.87,31095580
F,2013-04-11,13.55,13.58,13.13,13.15,51493264
F,2013-04-12,13.53,13.55,13.26,13.43,37956247
F,2013-04-15,12.95,13.46,12.91,13.36,55886297
F,2013-04-16,13.12,13.24,12.995,13.17,36346119
F,2013-04-17,12.925,13.05,12.7983,12.97,44583548
F,2013-04-18,12.75,12.98,12.65,12.94,34884614
F,2013-04-19,12.93,12.97,12.75,12.88,26972696
F,2013-04-22,13.06,13.08,12.8,12.97,26089760
F,2013-04-23,13.36,13.45,13.11,13.12,40082561
F,2013-04-24,13.33,13.54,13.12,13.48,46035817
F,2013-04-25,13.47,13.5576,13.35,13.4,42025162
F,2013-04-26,13.67,13.76,13.45,13.52,43815594
F,2013-04-29,13.66,13.76,13.57,13.73,20670649
F,2013-04-30,13.71,13.74,13.52,13.66,24864640
F,2013-05-01,13.38,13.78,13.35,13.6399,39353961
F,2013-05-02,13.41,13.55,13.38,13.54,33982885
F,2013-05-03,13.83,13.83,13.57,13.58,45935157
F,2013-05-06,14.09,14.15,13.83,13.86,53821305
F,2013-05-07,14.19,14.25,14.09,14.2,42076994
F,2013-05-08,14.21,14.24,14.1,14.15,33340148
F,2013-05-09,14.2,14.26,14.16,14.19,30576820
F,2013-05-10,14.11,14.23,14.02,14.21,30887495
F,2013-05-13,14.01,14.12,13.92,14.1,22763720
F,2013-05-14,14.27,14.3,13.98,14.0,32394467
F,2013-05-15,14.67,14.77,14.27,14.28,56874913
F,2013-05-16,14.64,14.85,14.6,14.77,40931349
F,2013-05-17,15.08,15.15,14.75,14.79,59748157
F,2013-05-20,15.05,15.23,15.0,15.01,34582931
F,2013-05-21,14.95,15.22,14.75,15.07,61840257
F,2013-05-22,14.97,15.32,14.86,15.08,67177911
F,2013-05-23,14.81,14.94,14.37,14.5,49131116
F,2013-05-24,14.79,14.88,14.66,14.71,25291612
F,2013-05-27,14.79,14.79,14.79,14.79,0
F,2013-05-28,15.28,15.35,15.1,15.22,59250415
F,2013-05-29,15.63,15.72,15.24,15.27,65167317
F,2013-05-30,15.9,16.02,15.74,15.76,61804939
F,2013-05-31,15.68,16.04,15.68,15.88,52118915
F,2013-06-03,15.89,16.08,15.51,15.93,59023547
F,2013-06-04,15.78,16.09,15.63,15.98,50273310
F,2013-06-05,15.25,15.71,15.18,15.7,64862392
F,2013-06-06,15.44,15.48,15.06,15.25,54820077
F,2013-06-07,15.73,15.76,15.46,15.58,37107776
F,2013-06-10,15.71,15.9,15.6,15.86,29589984
F,2013-06-11,15.51,15.68,15.4,15.52,35368511
F,2013-06-12,15.37,15.71,15.31,15.63,36213590
F,2013-06-13,15.58,15.5988,15.18,15.31,34327479
F,2013-06-14,15.37,15.57,15.35,15.52,27188940
F,2013-06-17,15.55,15.72,15.44,15.53,31359990
F,2013-06-18,15.65,15.71,15.44,15.54,25959707
F,2013-06-19,15.32,15.62,15.31,15.6,35997899
F,2013-06-20,14.82,15.28,14.75,15.19,57317740
F,2013-06-21,15.0,15.055,14.59,15.02,48246900
F,2013-06-24,14.67,14.83,14.3,14.67,58604767
F,2013-06-25,14.97,15.0,14.84,14.85,34037202
F,2013-06-26,15.29,15.31,15.095,15.16,39603739
F,2013-06-27,15.65,15.7,15.39,15.43,35859602
F,2013-06-28,15.47,15.65,15.44,15.56,45071327
F,2013-07-01,15.74,15.79,15.555,15.61,36012492
F,2013-07-02,16.18,16.21,15.69,15.76,70277383
F,2013-07-03,16.43,16.45,16.14,16.15,38114464
F,2013-07-04,16.43,16.43,16.43,16.43,0
F,2013-07-05,16.7,16.74,16.48,16.53,44732244
F,2013-07-08,16.81,16.93,16.75,16.85,42020774
F,2013-07-09,16.84,16.94,16.72,16.86,33770384
F,2013-07-10,16.72,16.88,16.65,16.76,38164691
F,2013-07-11,16.98,16.99,16.86,16.95,34601765
F,2013-07-12,17.11,17.11,16.9698,16.98,27306032
F,2013-07-15,17.12,17.29,17.1,17.24,26663467
F,2013-07-16,16.6,16.95,16.41,16.95,63282542
F,2013-07-17,16.78,16.83,16.62,16.64,27888019
F,2013-07-18,16.93,16.98,16.78,16.82,24606383
F,2013-07-19,16.76,16.89,16.65,16.89,29593880
F,2013-07-22,17.04,17.04,16.83,16.87,28747564
F,2013-07-23,16.94,17.17,16.82,17.16,35019062
F,2013-07-24,17.37,17.675,17.25,17.48,78609334
F,2013-07-25,16.96,17.27,16.88,17.26,51596223
F,2013-07-26,17.02,17.13,16.9,16.92,30356128
F,2013-07-29,17.08,17.19,17.05,17.08,27831435
F,2013-07-30,17.08,17.25,17.06,17.19,25879793
F,2013-07-31,16.88,17.15,16.84,17.09,42167282
F,2013-08-01,17.19,17.21,16.95,17.04,39519529
F,2013-08-02,17.5,17.5,17.12,17.15,32234780
F,2013-08-05,17.19,17.5,17.11,17.44,53812955
F,2013-08-06,17.03,17.23,17.0,17.18,29013933
F,2013-08-07,16.77,16.96,16.72,16.95,33058014
F,2013-08-08,16.98,17.03,16.87,16.94,26626154
F,2013-08-09,17.02,17.11,16.94,16.95,25640699
F,2013-08-12,17.07,17.14,16.89,16.91,23170601
F,2013-08-13,17.06,17.21,16.96,17.15,22371904
F,2013-08-14,16.89,17.06,16.85,17.04,29228997
F,2013-08-15,16.43,16.73,16.22,16.71,55905236
F,2013-08-16,16.3,16.6,16.22,16.45,30477287
F,2013-08-19,16.12,16.31,16.11,16.29,28013524
F,2013-08-20,16.31,16.36,15.82,16.06,42599238
F,2013-08-21,16.25,16.42,16.11,16.31,34915642
F,2013-08-22,16.41,16.49,16.25,16.29,16471896
F,2013-08-23,16.45,16.52,16.35,16.47,21547927
F,2013-08-26,16.41,16.62,16.38,16.44,24792587
F,2013-08-27,15.88,16.18,15.85,16.16,44005234
F,2013-08-28,16.02,16.15,15.71,15.86,37035369
F,2013-08-29,16.5,16.66,16.15,16.21,47727543
F,2013-08-30,16.19,16.59,16.121,16.58,40290569
F,2013-09-02,16.19,16.19,16.19,16.19,0
F,2013-09-03,16.34,16.54,16.21,16.42,33457667
F,2013-09-04,16.91,17.02,16.37,16.38,69543347
F,2013-09-05,17.3,17.35,17.03,17.1,55979780
F,2013-09-06,17.0,17.34,16.82,17.33,61743596
F,2013-09-09,17.31,17.41,17.1,17.11,38516902
F,2013-09-10,17.55,17.68,17.37,17.49,45861816
F,2013-09-11,17.54,17.58,17.39,17.5,32902780
F,2013-09-12,17.39,17.56,17.31,17.55,26855331
F,2013-09-13,17.35,17.4876,17.28,17.45,21581414
F,2013-09-16,17.35,17.59,17.3,17.53,27078925
F,2013-09-17,17.44,17.45,17.3,17.35,23176278
F,2013-09-18,17.625,17.77,17.34,17.36,45175026
F,2013-09-19,17.66,17.77,17.51,17.75,30750335
F,2013-09-20,17.39,17.71,17.3,17.71,47961983
F,2013-09-23,17.2,17.35,16.98,17.27,42739876
F,2013-09-24,17.26,17.4,17.08,17.23,33788944
F,2013-09-25,17.19,17.4,17.16,17.25,31638500
F,2013-09-26,17.27,17.38,17.12,17.26,32360852
F,2013-09-27,17.05,17.2,17.0,17.17,34024213
F,2013-09-30,16.87,17.01,16.69,16.77,36511331
F,2013-10-01,17.19,17.34,16.92,16.93,41816955
F,2013-10-02,17.21,17.22,16.95,17.09,29527297
F,2013-10-03,16.95,17.17,16.76,17.11,36628838
F,2013-10-04,17.09,17.14,16.94,16.97,24997202
F,2013-10-07,16.81,16.95,16.81,16.86,30339569
F,2013-10-08,16.5,16.85,16.45,16.83,45491260
F,2013-10-09,16.62,16.74,16.35,16.51,50838247
F,2013-10-10,16.93,17.0,16.83,16.87,46955720
F,2013-10-11,17.11,17.12,16.88,17.02,30814195
F,2013-10-14,17.18,17.25,16.92,16.93,31229631
F,2013-10-15,16.97,17.21,16.95,17.18,39294096
F,2013-10-16,17.29,17.29,17.03,17.08,33098326
F,2013-10-17,17.46,17.49,17.24,17.24,26889382
F,2013-10-18,17.53,17.55,17.43,17.52,23022146
F,2013-10-21,17.5,17.6,17.41,17.59,22159654
F,2013-10-22,17.6,17.68,17.44,17.55,30226515
F,2013-10-23,17.52,17.71,17.39,17.66,45496200
F,2013-10-24,17.76,18.02,17.64,18.01,71402545
F,2013-10-25,17.6,17.85,17.42,17.84,47515737
F,2013-10-28,17.57,17.72,17.52,17.66,37323019
F,2013-10-29,17.61,17.62,17.41,17.57,36931547
F,2013-10-30,17.34,17.64,17.25,17.62,39898538
F,2013-10-31,17.11,17.33,17.1,17.29,38742669
F,2013-11-01,16.89,17.24,16.76,17.24,52492989
F,2013-11-04,17.0,17.01,16.78,16.97,33974656
F,2013-11-05,17.09,17.14,16.8326,16.89,43523805
F,2013-11-06,16.91,17.2,16.85,17.16,37052438
F,2013-11-07,16.55,16.92,16.53,16.91,47526874
F,2013-11-08,16.85,16.87,16.61,16.66,38987344
F,2013-11-11,16.89,17.14,16.73,16.87,29561199
F,2013-11-12,16.72,16.85,16.66,16.8,31432341
F,2013-11-13,17.1,17.1,16.64,16.6599,39159991
F,2013-11-14,17.09,17.2,17.01,17.12,35559912
F,2013-11-15,17.07,17.1501,16.9959,17.13,33105204
F,2013-11-18,16.98,17.18,16.92,17.07,31231282
F,2013-11-19,16.87,17.03,16.82,16.99,26841783
F,2013-11-20,16.92,17.08,16.84,16.89,31087637
F,2013-11-21,17.09,17.15,16.98,17.01,33051191
F,2013-11-22,17.01,17.14,17.0,17.12,29794776
F,2013-11-25,16.94,17.14,16.93,17.1,25129544
F,2013-11-26,16.87,17.05,16.85,17.05,26440554
F,2013-11-27,17.03,17.09,16.81,16.86,31559712
F,2013-11-28,17.03,17.03,17.03,17.03,0
F,2013-11-29,17.08,17.18,17.04,17.06,14918840
F,2013-12-02,17.06,17.2,17.03,17.12,27749579
F,2013-12-03,16.56,17.2,16.42,17.05,74867006
F,2013-12-04,16.62,16.76,16.49,16.61,40104004
F,2013-12-05,16.74,16.86,16.52,16.66,44793782
F,2013-12-06,16.7,16.95,16.615,16.92,33263140
F,2013-12-09,16.56,16.79,16.5,16.68,34379294
F,2013-12-10,16.53,16.69,16.51,16.54,30523595
F,2013-12-11,16.41,16.61,16.33,16.54,37848806
F,2013-12-12,16.39,16.46,16.2,16.36,30945439
F,2013-12-13,16.59,16.79,16.46,16.47,48535508
F,2013-12-16,16.86,16.94,16.71,16.72,38001844
F,2013-12-17,16.7,16.99,16.66,16.86,40555838
F,2013-12-18,15.65,16.0,15.17,15.99,220362796
F,2013-12-19,15.3,15.5,15.25,15.46,84659737
F,2013-12-20,15.42,15.5,15.32,15.35,61508271
F,2013-12-23,15.15,15.5,15.12,15.49,59222326
F,2013-12-24,15.19,15.23,15.1,15.2,22642196
F,2013-12-25,15.19,15.19,15.19,15.19,0
F,2013-12-26,15.33,15.34,15.22,15.23,24966315
F,2013-12-27,15.3,15.35,15.25,15.35,21841879
F,2013-12-30,15.28,15.42,15.25,15.36,32838079
F,2013-12-31,15.43,15.43,15.26,15.29,27836412
F,2014-01-01,15.43,15.43,15.43,15.43,0
F,2014-01-02,15.44,15.45,15.28,15.42,31544161
F,2014-01-03,15.51,15.64,15.3,15.52,46128798
F,2014-01-06,15.58,15.76,15.52,15.72,42672711
F,2014-01-07,15.38,15.74,15.35,15.73,54797493
F,2014-01-08,15.54,15.71,15.51,15.6,48519024
F,2014-01-09,15.84,16.02,15.77,15.83,68016443
F,2014-01-10,16.07,16.11,15.94,16.01,45141418
F,2014-01-13,16.11,16.53,16.08,16.37,57736069
F,2014-01-14,16.4,16.43,16.17,16.31,44158912
F,2014-01-15,16.7,16.73,16.35,16.37,64167826
F,2014-01-16,16.73,16.76,16.56,16.67,38469015
F,2014-01-17,16.52,16.78,16.45,16.78,37283693
F,2014-01-20,16.52,16.52,16.52,16.52,0
F,2014-01-21,16.41,16.68,16.36,16.64,35695984
F,2014-01-22,16.55,16.62,16.37,16.44,28873495
F,2014-01-23,16.43,16.53,16.31,16.49,37967030
F,2014-01-24,15.83,16.21,15.78,16.19,66257583
F,2014-01-27,15.71,15.91,15.52,15.9,51362330
F,2014-01-28,15.72,16.01,15.51,15.97,57854595
F,2014-01-29,15.26,15.53,15.2,15.48,52359616
F,2014-01-30,15.25,15.45,15.18,15.43,32712080
F,2014-01-31,14.96,15.1,14.9,15.09,64223473
F,2014-02-03,14.55,15.0,14.4,15.0,92458982
F,2014-02-04,14.87,14.93,14.45,14.57,55444561
F,2014-02-05,14.73,14.93,14.5,14.93,45571821
F,2014-02-06,14.85,14.85,14.53,14.57,47659208
F,2014-02-07,14.97,15.13,14.94,14.94,38649934
F,2014-02-10,14.84,15.06,14.78,15.05,36280458
F,2014-02-11,14.96,15.01,14.82,14.91,43604028
F,2014-02-12,15.0,15.12,14.99,15.09,30597596
F,2014-02-13,15.08,15.09,14.88,14.9,27131381
F,2014-02-14,15.24,15.36,15.03,15.12,34400611
F,2014-02-17,15.24,15.24,15.24,15.24,0
F,2014-02-18,15.39,15.45,15.28,15.38,32322743
F,2014-02-19,15.25,15.49,15.21,15.31,26345821
F,2014-02-20,15.27,15.3,15.15,15.27,20654509
F,2014-02-21,15.16,15.31,15.11,15.27,30089853
F,2014-02-24,15.18,15.36,15.12,15.18,30629450
F,2014-02-25,15.15,15.29,15.11,15.21,26479906
F,2014-02-26,15.26,15.4555,15.07,15.14,34966174
F,2014-02-27,15.39,15.43,15.16,15.22,25822500
F,2014-02-28,15.39,15.41,15.23,15.33,35692576
F,2014-03-03,15.2,15.32,15.03,15.2,42914671
F,2014-03-04,15.37,15.39,15.265,15.33,33116978
F,2014-03-05,15.63,15.67,15.36,15.38,33000463
F,2014-03-06,15.67,15.83,15.66,15.72,26660880
F,2014-03-07,15.62,15.8,15.54,15.72,23726212
F,2014-03-10,15.51,15.64,15.45,15.5,30529475
F,2014-03-11,15.3,15.52,15.17,15.49,34681984
F,2014-03-12,15.4,15.42,15.15,15.24,31278451
F,2014-03-13,15.18,15.46,15.1,15.46,34344086
F,2014-03-14,15.08,15.25,15.06,15.18,26943258
F,2014-03-17,15.28,15.33,15.16,15.18,26929074
F,2014-03-18,15.49,15.57,15.28,15.29,28324233
F,2014-03-19,15.48,15.55,15.35,15.51,24374283
F,2014-03-20,15.55,15.55,15.37,15.45,21203080
F,2014-03-21,15.47,15.74,15.45,15.73,31763321
F,2014-03-24,15.39,15.54,15.3,15.48,27033551
F,2014-03-25,15.33,15.46,15.29,15.42,24656682
F,2014-03-26,15.25,15.44,15.23,15.38,24444055
F,2014-03-27,15.25,15.38,15.17,15.25,28244793
F,2014-03-28,15.45,15.58,15.31,15.32,36615051
F,2014-03-31,15.6,15.63,15.48,15.6,27054549
F,2014-04-01,16.32,16.455,15.67,15.67,84938937
F,2014-04-02,16.46,16.49,16.15,16.25,39927114
F,2014-04-03,16.39,16.49,16.34,16.46,26108319
F,2014-04-04,16.13,16.49,16.11,16.49,30524895
F,2014-04-07,15.94,16.17,15.86,16.08,28112902
F,2014-04-08,16.1,16.16,15.92,15.99,26836366
F,2014-04-09,15.84,16.085,15.75,16.0,36882845
F,2014-04-10,15.63,15.91,15.59,15.9,31254932
F,2014-04-11,15.63,15.93,15.6,15.8,39337243
F,2014-04-14,15.7,15.77,15.53,15.73,20414693
F,2014-04-15,15.84,15.88,15.66,15.77,28666175
F,2014-04-16,16.07,16.07,15.9,15.94,21861208
F,2014-04-17,16.0,16.0999,15.99,15.99,17657937
F,2014-04-18,16.0,16.0,16.0,16.0,0
F,2014-04-21,15.98,16.08,15.9,16.01,24911768
F,2014-04-22,16.1,16.18,15.93,15.96,18916815
F,2014-04-23,16.23,16.32,16.08,16.08,19808733
F,2014-04-24,16.32,16.44,16.2,16.41,27453234
F,2014-04-25,15.78,15.9,15.71,15.81,53874192
F,2014-04-28,15.97,16.05,15.75,15.94,33030096
F,2014-04-29,16.12,16.15,15.91,16.0,27163734
F,2014-04-30,16.15,16.18,15.92,16.03,26524968
F,2014-05-01,15.91,16.2,15.85,16.15,30722099
F,2014-05-02,15.9,15.98,15.8,15.95,22182779
F,2014-05-05,15.74,15.87,15.71,15.81,25127144
F,2014-05-06,15.56,15.76,15.53,15.74,23289128
F,2014-05-07,15.46,15.63,15.43,15.63,32181828
F,2014-05-08,15.81,15.95,15.51,15.54,36794779
F,2014-05-09,15.77,15.9,15.73,15.73,25172568
F,2014-05-12,15.84,15.9,15.78,15.81,17164707
F,2014-05-13,15.86,15.9,15.75,15.85,16509281
F,2014-05-14,15.75,15.89,15.75,15.85,15087866
F,2014-05-15,15.69,15.75,15.55,15.74,27244262
F,2014-05-16,15.76,15.86,15.56,15.7,25639225
F,2014-05-19,15.92,15.94,15.72,15.72,17368319
F,2014-05-20,15.77,15.93,15.74,15.9,20348850
F,2014-05-21,15.91,15.98,15.8,15.82,17811407
F,2014-05-22,15.91,16.03,15.85,15.85,24848656
F,2014-05-23,16.02,16.03,15.9,15.91,17004403
F,2014-05-26,16.02,16.02,16.02,16.02,0
F,2014-05-27,16.16,16.2,16.0486,16.09,21034686
F,2014-05-28,16.31,16.36,16.15,16.17,23241418
F,2014-05-29,16.54,16.56,16.37,16.4,42832478
F,2014-05-30,16.44,16.54,16.37,16.4,23033952
F,2014-06-02,16.44,16.51,16.38,16.51,17975088
F,2014-06-03,16.55,16.72,16.45,16.46,32581740
F,2014-06-04,16.79,16.85,16.46,16.55,33699592
F,2014-06-05,16.68,16.89,16.6,16.82,34825926
F,2014-06-06,17.08,17.08,16.67,16.67,38583389
F,2014-06-09,17.0,17.12,17.0,17.01,23144349
F,2014-06-10,17.01,17.08,16.99,17.01,21980136
F,2014-06-11,16.9,17.01,16.88,16.97,21409229
F,2014-06-12,16.52,16.93,16.5,16.89,28544500
F,2014-06-13,16.56,16.65,16.5,16.53,20323354
F,2014-06-16,16.63,16.68,16.38,16.47,22219572
F,2014-06-17,16.79,16.8,16.53,16.58,17785415
F,2014-06-18,16.83,16.85,16.625,16.79,22925751
F,2014-06-19,16.78,16.87,16.76,16.87,16728501
F,2014-06-20,16.67,16.87,16.65,16.87,29981435
F,2014-06-23,16.88,16.92,16.68,16.7,23084402
F,2014-06-24,16.97,17.2,16.83,16.84,37736474
F,2014-06-25,17.2,17.26,16.92,16.95,37496685
F,2014-06-26,17.2,17.27,17.05,17.27,22193690
F,2014-06-27,17.28,17.29,17.145,17.18,31418644
F,2014-06-30,17.24,17.35,17.2,17.3,24099967
F,2014-07-01,17.21,17.4,17.07,17.34,36171515
F,2014-07-02,17.22,17.3,17.17,17.19,17002931
F,2014-07-03,17.32,17.34,17.22,17.23,13581223
F,2014-07-04,17.32,17.32,17.32,17.32,0
F,2014-07-07,17.32,17.4,17.19,17.19,20271602
F,2014-07-08,17.11,17.2387,17.05,17.22,23332243
F,2014-07-09,17.43,17.45,17.14,17.16,27036963
F,2014-07-10,17.3,17.39,17.17,17.2,20165185
F,2014-07-11,17.47,17.49,17.29,17.31,20149953
F,2014-07-14,17.55,17.6,17.45,17.51,20455228
F,2014-07-15,17.54,17.65,17.45,17.55,22631089
F,2014-07-16,17.8,17.87,17.62,17.6601,36065737
F,2014-07-17,17.74,18.08,17.64,17.66,47287297
F,2014-07-18,17.72,17.84,17.65,17.8,24838797
F,2014-07-21,17.7,17.9,17.65,17.65,19200500
F,2014-07-22,17.82,17.86,17.67,17.77,24547298
F,2014-07-23,17.78,17.95,17.78,17.83,30932482
F,2014-07-24,17.84,18.12,17.68,18.01,53837956
F,2014-07-25,17.62,17.92,17.51,17.9,34499753
F,2014-07-28,17.64,17.71,17.47,17.62,29662377
F,2014-07-29,17.57,17.85,17.54,17.65,32972797
F,2014-07-30,17.46,17.6,17.32,17.52,30169696
F,2014-07-31,17.02,17.33,17.01,17.3,34170628
F,2014-08-01,16.81,17.18,16.72,17.05,33677955
F,2014-08-04,17.02,17.136,16.94,16.96,24871286
F,2014-08-05,16.87,17.14,16.78,16.94,24851172
F,2014-08-06,16.98,17.08,16.74,16.74,21872932
F,2014-08-07,16.82,17.1,16.77,17.04,19997660
F,2014-08-08,17.09,17.12,16.75,16.7999,29370435
F,2014-08-11,17.17,17.245,17.11,17.17,17814865
F,2014-08-12,17.21,17.41,17.14,17.15,25514846
F,2014-08-13,17.42,17.48,17.32,17.48,26177837
F,2014-08-14,17.43,17.48,17.23,17.4,19733501
F,2014-08-15,17.31,17.49,17.17,17.49,20959569
F,2014-08-18,17.43,17.52,17.38,17.38,17174948
F,2014-08-19,17.36,17.52,17.32,17.51,15899353
F,2014-08-20,17.41,17.43,17.25,17.35,14207276
F,2014-08-21,17.4,17.49,17.37,17.43,15051296
F,2014-08-22,17.17,17.39,17.15,17.32,20294769
F,2014-08-25,17.23,17.29,17.2,17.26,10770252
F,2014-08-26,17.19,17.35,17.19,17.26,12167204
F,2014-08-27,17.36,17.4,17.21,17.23,18221103
F,2014-08-28,17.42,17.45,17.21,17.27,16855014
F,2014-08-29,17.41,17.49,17.39,17.47,15374784
F,2014-09-01,17.41,17.41,17.41,17.41,0
F,2014-09-02,17.6,17.62,17.48,17.48,18538339
F,2014-09-03,17.47,17.87,17.44,17.71,25723888
F,2014-09-04,17.27,17.6255,17.19,17.46,20733686
F,2014-09-05,17.14,17.3,16.94,17.3,29801662
F,2014-09-08,16.8,16.87,16.71,16.74,47565253
F,2014-09-09,16.63,16.82,16.59,16.79,26656592
F,2014-09-10,16.63,16.72,16.61,16.65,16644382
F,2014-09-11,16.66,16.667,16.51,16.59,14670061
F,2014-09-12,16.59,16.68,16.5,16.64,16512713
F,2014-09-15,16.47,16.62,16.42,16.56,23691587
F,2014-09-16,16.52,16.53,16.16,16.38,23772607
F,2014-09-17,16.53,16.7,16.52,16.59,25366299
F,2014-09-18,16.58,16.65,16.5,16.54,19453018
F,2014-09-19,16.65,16.77,16.58,16.68,35008506
F,2014-09-22,16.36,16.61,16.34,16.58,23800260
F,2014-09-23,16.17,16.35,16.1431,16.31,28285137
F,2014-09-24,16.41,16.45,16.24,16.24,22021636
F,2014-09-25,16.2,16.4,16.17,16.4,19054868
F,2014-09-26,16.33,16.33,16.18,16.23,20432094
F,2014-09-29,15.11,16.4,14.83,16.15,82938687
F,2014-09-30,14.79,15.15,14.49,15.01,115056660
F,2014-10-01,14.59,14.83,14.56,14.77,55948262
F,2014-10-02,14.56,14.67,14.44,14.655,37788366
F,2014-10-03,14.59,14.69,14.5,14.66,38177484
F,2014-10-06,14.52,14.6961,14.5,14.66,23974313
F,2014-10-07,14.1,14.49,14.08,14.47,42850710
F,2014-10-08,14.21,14.24,13.62,14.07,50319286
F,2014-10-09,13.84,14.22,13.8,14.21,31768462
F,2014-10-10,13.79,13.92,13.52,13.71,41079514
F,2014-10-13,13.54,13.88,13.52,13.78,37691699
F,2014-10-14,13.78,14.04,13.54,13.6,43397327
F,2014-10-15,13.62,13.77,13.26,13.59,46496966
F,2014-10-16,13.98,14.06,13.36,13.39,41382155
F,2014-10-17,14.02,14.25,13.97,14.2,31547970
F,2014-10-20,14.17,14.18,13.95,14.04,18972604
F,2014-10-21,14.26,14.275,14.1,14.26,29926800
F,2014-10-22,14.13,14.33,14.08,14.29,24285220
F,2014-10-23,14.4,14.49,14.28,14.3,30418358
F,2014-10-24,13.78,14.44,13.65,14.41,91944005
F,2014-10-27,13.82,13.89,13.68,13.87,61472177
F,2014-10-28,14.16,14.16,13.86,13.89,36821785
F,2014-10-29,13.91,14.18,13.76,14.14,31263938
F,2014-10-30,13.95,13.965,13.68,13.88,25505958
F,2014-10-31,14.09,14.15,14.04,14.13,37277819
F,2014-11-03,13.99,14.17,13.94,14.1,31620697
F,2014-11-04,13.95,14.0,13.86,13.94,19695724
F,2014-11-05,13.94,14.05,13.87,14.03,26042808
F,2014-11-06,14.19,14.2157,13.92,13.92,36431748
F,2014-11-07,14.17,14.27,14.13,14.22,30254740
F,2014-11-10,14.0,14.2,13.95,14.19,36413339
F,2014-11-11,14.37,14.43,14.0,14.05,35345623
F,2014-11-12,14.58,14.63,14.26,14.32,36221067
F,2014-11-13,14.93,15.17,14.7,14.71,50292272
F,2014-11-14,15.14,15.265,14.985,15.01,37093171
F,2014-11-17,15.54,15.6,15.2,15.35,46517259
F,2014-11-18,15.5,15.75,15.25,15.7,43650757
F,2014-11-19,15.44,15.48,15.26,15.48,22633528
F,2014-11-20,15.46,15.65,15.28,15.37,21163158
F,2014-11-21,15.43,15.65,15.37,15.64,25609597
F,2014-11-24,15.67,15.69,15.5,15.51,32797852
F,2014-11-25,15.68,15.84,15.61,15.74,32253458
F,2014-11-26,15.61,15.675,15.5231,15.65,20010508
F,2014-11-27,15.61,15.61,15.61,15.61,0
F,2014-11-28,15.73,15.73,15.47,15.65,18620274
F,2014-12-01,15.77,15.89,15.7,15.78,30022014
F,2014-12-02,15.9,15.95,15.61,15.86,32313043
F,2014-12-03,16.01,16.13,15.88,15.88,37561091
F,2014-12-04,15.81,16.03,15.75,16.0,23282425
F,2014-12-05,15.7,15.94,15.63,15.9,29695275
F,2014-12-08,15.43,15.75,15.38,15.68,25519057
F,2014-12-09,15.43,15.43,14.75,15.05,23385340
F,2014-12-10,15.16,15.43,15.15,15.43,24615488
F,2014-12-11,15.28,15.49,15.03,15.17,30359260
F,2014-12-12,14.99,15.21,14.99,15.2,22684527
F,2014-12-15,14.28,14.915,14.27,14.86,47476393
F,2014-12-16,14.09,14.46,13.93,14.19,43879326
F,2014-12-17,14.45,14.52,14.11,14.17,29504188
F,2014-12-18,14.81,14.81,14.51,14.7,35542480
F,2014-12-19,15.03,15.05,14.74,14.79,40843451
F,2014-12-22,15.22,15.24,15.0,15.08,25366758
F,2014-12-23,15.33,15.45,15.21,15.21,20828661
F,2014-12-24,15.3,15.38,15.25,15.37,7128841
F,2014-12-25,15.3,15.3,15.3,15.3,0
F,2014-12-26,15.45,15.485,15.26,15.3,11666422
F,2014-12-29,15.52,15.68,15.34,15.37,19137473
F,2014-12-30,15.5,15.6,15.445,15.48,14795048
F,2014-12-31,15.5,15.64,15.47,15.51,17930162
F,2015-01-01,15.5,15.5,15.5,15.5,0
F,2015-01-02,15.36,15.65,15.183,15.59,24777911
F,2015-01-05,14.76,15.13,14.69,15.12,44079745
F,2015-01-06,14.62,14.9,14.38,14.88,32981627
F,2015-01-07,15.04,15.09,14.77,14.78,26065329
F,2015-01-08,15.42,15.48,15.23,15.4,33943398
F,2015-01-09,15.21,15.47,15.06,15.46,23420750
F,2015-01-12,15.22,15.32,15.11,15.31,22750784
F,2015-01-13,15.21,15.48,15.08,15.38,26279378
F,2015-01-14,15.11,15.16,14.83,15.07,36798274
F,2015-01-15,14.86,15.16,14.8,15.12,24981340
F,2015-01-16,15.02,15.04,14.75,14.81,32089872
F,2015-01-19,15.02,15.02,15.02,15.02,0
F,2015-01-20,15.01,15.13,14.75,15.08,28553722
F,2015-01-21,14.97,15.11,14.88,14.98,23281464
F,2015-01-22,15.03,15.07,14.9,15.01,23669219
F,2015-01-23,14.91,15.08,14.89,15.02,21620561
F,2015-01-26,15.08,15.15,14.965,14.98,25237196
F,2015-01-27,14.85,14.99,14.72,14.96,34609134
F,2015-01-28,14.46,14.83,14.42,14.83,40579776
F,2015-01-29,14.85,14.96,14.3,14.62,40731076
F,2015-01-30,14.71,14.89,14.63,14.75,30439659
F,2015-02-02,15.27,15.3,14.735,14.75,40371750
F,2015-02-03,15.65,15.79,15.44,15.47,48335448
F,2015-02-04,15.87,16.02,15.65,15.68,41179483
F,2015-02-05,15.85,16.02,15.75,16.01,25713222
F,2015-02-06,15.86,16.0,15.77,15.84,28187680
F,2015-02-09,15.92,16.03,15.72,15.76,20286720
F,2015-02-10,16.09,16.14,15.91,16.05,27928530
F,2015-02-11,16.25,16.31,16.01,16.08,34285331
F,2015-02-12,16.36,16.45,16.3,16.34,23738806
F,2015-02-13,16.3,16.36,16.19,16.33,19954568
F,2015-02-16,16.3,16.3,16.3,16.3,0
F,2015-02-17,16.11,16.3,16.0,16.21,44362323
F,2015-02-18,16.21,16.33,16.06,16.16,22812702
F,2015-02-19,16.43,16.48,16.17,16.19,24863932
F,2015-02-20,16.4,16.46,16.25,16.39,21523627
F,2015-02-23,16.38,16.45,16.29,16.33,19016756
F,2015-02-24,16.36,16.42,16.28,16.36,17672510
F,2015-02-25,16.51,16.62,16.34,16.34,23320169
F,2015-02-26,16.38,16.57,16.37,16.4,20799991
F,2015-02-27,16.34,16.4,16.22,16.38,20336962
F,2015-03-02,16.57,16.59,16.405,16.41,26341113
F,2015-03-03,16.17,16.3,16.06,16.07,37688950
F,2015-03-04,16.03,16.14,15.93,16.09,25659401
F,2015-03-05,16.11,16.23,16.09,16.09,16548157
F,2015-03-06,15.93,16.2,15.91,16.04,24420536
F,2015-03-09,16.03,16.1,15.93,15.98,17131873
F,2015-03-10,15.72,15.95,15.69,15.94,31683721
F,2015-03-11,15.75,15.85,15.7,15.77,20634698
F,2015-03-12,16.17,16.23,15.86,15.88,31162849
F,2015-03-13,16.2,16.25,16.0,16.16,27877715
F,2015-03-16,16.49,16.5,16.24,16.26,37730325
F,2015-03-17,16.39,16.49,16.36,16.39,20914125
F,2015-03-18,16.46,16.51,16.11,16.31,33743725
F,2015-03-19,16.34,16.46,16.28,16.42,18021367
F,2015-03-20,16.48,16.54,16.34,16.35,42091123
F,2015-03-23,16.57,16.74,16.46,16.47,30698265
F,2015-03-24,16.56,16.69,16.47,16.58,16653732
F,2015-03-25,16.18,16.55,16.18,16.53,21978921
F,2015-03-26,16.01,16.17,15.963,16.11,33326591
F,2015-03-27,15.98,16.1,15.85,16.06,53265589
F,2015-03-30,16.16,16.28,16.05,16.12,20537506
F,2015-03-31,16.14,16.29,16.08,16.12,21791101
F,2015-04-01,15.91,16.16,15.85,16.16,27361026
F,2015-04-02,16.03,16.04,15.85,15.93,15923656
F,2015-04-03,16.03,16.03,16.03,16.03,0
F,2015-04-06,16.0,16.11,15.9,15.95,18521322
F,2015-04-07,15.9,15.97,15.78,15.95,26616010
F,2015-04-08,15.98,16.09,15.95,15.97,25147004
F,2015-04-09,15.95,16.07,15.88,16.0,23449600
F,2015-04-10,16.03,16.05,15.95,15.97,17651822
F,2015-04-13,15.87,16.08,15.87,16.0,22518587
F,2015-04-14,15.97,16.05,15.89,15.9,21742713
F,2015-04-15,16.07,16.08,16.0,16.01,25502994
F,2015-04-16,15.94,16.09,15.93,16.04,23493938
F,2015-04-17,15.76,15.88,15.71,15.88,32143960
F,2015-04-20,15.91,15.92,15.82,15.89,15242666
F,2015-04-21,15.82,15.98,15.76,15.92,18504887
F,2015-04-22,15.91,15.93,15.72,15.83,20310278
F,2015-04-23,15.76,15.9,15.7,15.84,28455435
F,2015-04-24,15.77,15.87,15.7,15.73,20291303
F,2015-04-27,15.9,16.0,15.77,15.82,34820926
F,2015-04-28,16.06,16.08,15.77,15.93,56608705
F,2015-04-29,16.02,16.1,15.82,15.86,35125851
F,2015-04-30,15.8,16.04,15.74,15.97,30265757
F,2015-05-01,15.81,15.94,15.7,15.9,20601297
F,2015-05-04,15.78,15.88,15.75,15.81,15078652
F,2015-05-05,15.53,15.82,15.52,15.77,32240491
F,2015-05-06,15.48,15.66,15.4,15.61,26380651
F,2015-05-07,15.51,15.561,15.14,15.46,26996629
F,2015-05-08,15.67,15.71,15.59,15.62,21336830
F,2015-05-11,15.65,15.84,15.64,15.65,17241212
F,2015-05-12,15.56,15.645,15.5,15.59,17666293
F,2015-05-13,15.41,15.62,15.37,15.54,20877063
F,2015-05-14,15.27,15.54,15.2,15.5,28786155
F,2015-05-15,15.48,15.49,15.27,15.27,18936906
F,2015-05-18,15.58,15.64,15.45,15.47,19491927
F,2015-05-19,15.5,15.625,15.445,15.59,15145215
F,2015-05-20,15.3,15.56,15.255,15.54,22382727
F,2015-05-21,15.51,15.55,15.26,15.28,23961349
F,2015-05-22,15.27,15.5,15.27,15.5,24795239
F,2015-05-25,15.27,15.27,15.27,15.27,0
F,2015-05-26,15.19,15.34,15.15,15.27,24987973
F,2015-05-27,15.32,15.37,15.2,15.23,18763645
F,2015-05-28,15.29,15.335,15.24,15.28,13950262
F,2015-05-29,15.17,15.4,15.16,15.31,19057594
F,2015-06-01,15.36,15.45,15.19,15.33,26681192
F,2015-06-02,15.26,15.5,15.21,15.44,34966254
F,2015-06-03,15.2,15.32,15.12,15.29,24311566
F,2015-06-04,15.05,15.17,15.01,15.13,23426350
F,2015-06-05,14.78,15.02,14.78,15.02,44730208
F,2015-06-08,14.9,15.01,14.8,14.83,30230582
F,2015-06-09,14.88,15.01,14.835,14.92,20451204
F,2015-06-10,15.03,15.08,14.95,15.01,20961099
F,2015-06-11,15.28,15.35,15.08,15.11,27186185
F,2015-06-12,15.23,15.35,15.18,15.2,19847251
F,2015-06-15,15.05,15.11,14.97,15.06,23821862
F,2015-06-16,15.0,15.04,14.93,15.01,23331947
F,2015-06-17,15.02,15.08,14.86,15.01,25837791
F,2015-06-18,15.14,15.24,15.0,15.03,21360035
F,2015-06-19,15.11,15.25,15.06,15.09,23797596
F,2015-06-22,15.13,15.25,15.1,15.14,18863379
F,2015-06-23,15.29,15.41,15.22,15.23,21167583
F,2015-06-24,15.5,15.66,15.42,15.5,35395393
F,2015-06-25,15.44,15.56,15.39,15.52,23923772
F,2015-06-26,15.4,15.49,15.35,15.43,20428011
F,2015-06-29,15.02,15.3,14.915,15.23,38116410
F,2015-06-30,15.01,15.18,14.9,15.17,28508779
F,2015-07-01,14.99,15.17,14.8,15.14,31744279
F,2015-07-02,14.87,15.08,14.81,15.01,18482431
F,2015-07-03,14.87,14.87,14.87,14.87,0
F,2015-07-06,14.79,14.9,14.7,14.75,22609767
F,2015-07-07,14.85,14.9,14.52,14.77,28150903
F,2015-07-08,14.37,14.72,14.27,14.67,42256459
F,2015-07-09,14.33,14.62,14.27,14.6,29653776
F,2015-07-10,14.48,14.54,14.33,14.48,20092059
F,2015-07-13,14.64,14.65,14.42,14.64,19835359
F,2015-07-14,14.81,14.86,14.59,14.71,20829898
F,2015-07-15,14.75,14.86,14.6135,14.83,21891301
F,2015-07-16,14.57,14.79,14.45,14.74,33929827
F,2015-07-17,14.69,14.69,14.48,14.51,31717613
F,2015-07-20,14.57,14.75,14.53,14.71,25427724
F,2015-07-21,14.51,14.55,14.45,14.53,19326288
F,2015-07-22,14.42,14.51,14.35,14.49,30903785
F,2015-07-23,14.61,14.87,14.59,14.75,29436767
F,2015-07-24,14.39,14.73,14.32,14.72,26041154
F,2015-07-27,14.55,14.6,14.23,14.35,43842817
F,2015-07-28,14.83,15.0,14.604,14.96,56391416
F,2015-07-29,15.21,15.3,14.81,14.83,52118827
F,2015-07-30,15.1,15.3,14.96,15.21,34947525
F,2015-07-31,14.83,15.19,14.73,15.18,32646839
F,2015-08-03,14.94,15.04,14.85,14.97,26700080
F,2015-08-04,14.91,15.0,14.84,14.94,18821493
F,2015-08-05,14.8,15.04,14.72,14.99,22489961
F,2015-08-06,14.83,14.88,14.62,14.8,26792536
F,2015-08-07,14.8,14.92,14.75,14.85,14278747
F,2015-08-10,14.99,15.0,14.81,14.86,16801119
F,2015-08-11,14.7,14.8,14.61,14.8,26970090
F,2015-08-12,14.68,14.71,14.37,14.55,21108445
F,2015-08-13,14.71,14.849,14.59,14.64,20560369
F,2015-08-14,14.78,14.83,14.68,14.73,18398886
F,2015-08-17,14.68,14.77,14.57,14.76,16026022
F,2015-08-18,14.83,14.84,14.66,14.69,16853787
F,2015-08-19,14.77,14.977,14.76,14.78,22519886
F,2015-08-20,14.43,14.71,14.4,14.71,24103214
F,2015-08-21,13.86,14.38,13.84,14.29,42096291
F,2015-08-24,13.19,13.48,10.44,12.24,59798321
F,2015-08-25,12.9,13.86,12.9,13.85,47941921
F,2015-08-26,13.21,13.35,12.77,13.18,48371678
F,2015-08-27,13.56,13.67,13.23,13.46,42061990
F,2015-08-28,13.74,13.84,13.53,13.54,25696725
F,2015-08-31,13.87,13.94,13.51,13.76,38209328
F,2015-09-01,13.72,14.15,13.6,13.945,50466640
F,2015-09-02,13.87,14.0,13.63,13.99,29586861
F,2015-09-03,13.84,14.07,13.7839,13.94,27558284
F,2015-09-04,13.56,13.7,13.4,13.68,31138336
F,2015-09-07,13.56,13.56,13.56,13.56,0
F,2015-09-08,13.67,13.775,13.54,13.77,30022476
F,2015-09-09,13.53,13.84,13.47,13.81,30843781
F,2015-09-10,13.73,13.83,13.35,13.52,38696346
F,2015-09-11,13.71,13.81,13.53,13.75,22803222
F,2015-09-14,13.78,13.79,13.63,13.72,26091398
F,2015-09-15,14.31,14.37,13.79,13.8,46662688
F,2015-09-16,14.64,14.76,14.25,14.32,41672894
F,2015-09-17,14.6,14.88,14.46,14.61,37707103
F,2015-09-18,14.28,14.48,14.21,14.44,40710066
F,2015-09-21,14.32,14.43,14.15,14.2,20764084
F,2015-09-22,13.92,14.05,13.73,14.01,44076641
F,2015-09-23,13.68,13.95,13.51,13.93,31586879
F,2015-09-24,13.65,13.7,13.27,13.57,32459164
F,2015-09-25,13.53,13.87,13.51,13.87,35966426
F,2015-09-28,13.12,13.505,13.06,13.46,41119265
F,2015-09-29,13.15,13.21,13.01,13.14,44414913
F,2015-09-30,13.57,13.58,13.2701,13.37,40199897
F,2015-10-01,13.67,13.78,13.47,13.76,33318967
F,2015-10-02,13.99,14.01,13.42,13.5,30093079
F,2015-10-05,14.19,14.27,13.9,14.12,38610828
F,2015-10-06,14.31,14.44,14.15,14.19,27043954
F,2015-10-07,14.75,14.75,14.46,14.49,33604173
F,2015-10-08,14.99,15.01,14.68,14.72,25991283
F,2015-10-09,14.97,15.1,14.82,15.03,29215337
F,2015-10-12,14.98,15.0,14.85,14.98,14371140
F,2015-10-13,14.94,15.1,14.83,14.88,30615360
F,2015-10-14,15.01,15.04,14.86,14.94,22313466
F,2015-10-15,15.22,15.23,14.99,15.2,27435331
F,2015-10-16,15.28,15.29,15.11,15.25,24240379
F,2015-10-19,15.36,15.36,15.15,15.23,17862793
F,2015-10-20,15.38,15.6,15.27,15.27,29444099
F,2015-10-21,15.41,15.69,15.35,15.6,34208583
F,2015-10-22,15.58,15.63,15.4,15.49,23479631
F,2015-10-23,15.67,15.75,15.49,15.71,28584924
F,2015-10-26,15.68,15.84,15.57,15.73,38013423
F,2015-10-27,14.89,15.15,14.8,15.01,64562406
F,2015-10-28,14.97,15.0,14.67,14.78,34471686
F,2015-10-29,14.73,14.96,14.61,14.94,32239388
F,2015-10-30,14.81,14.9499,14.63,14.74,29221545
F,2015-11-02,14.75,14.895,14.71,14.79,30270660
F,2015-11-03,14.81,14.87,14.72,14.78,25878740
F,2015-11-04,14.65,14.86,14.64,14.83,27143113
F,2015-11-05,14.57,14.71,14.5,14.7,21875542
F,2015-11-06,14.52,14.55,14.38,14.51,24085161
F,2015-11-09,14.33,14.53,14.26,14.4801,25252678
F,2015-11-10,14.28,14.34,14.14,14.33,22195905
F,2015-11-11,14.31,14.38,14.18,14.28,16891420
F,2015-11-12,14.04,14.27,14.02,14.21,20281724
F,2015-11-13,13.92,14.07,13.89,14.02,25469460
F,2015-11-16,14.04,14.08,13.85,13.85,22633170
F,2015-11-17,14.15,14.37,14.01,14.02,25184601
F,2015-11-18,14.46,14.5,14.18,14.23,26249288
F,2015-11-19,14.57,14.63,14.42,14.45,23593476
F,2015-11-20,14.6,14.76,14.54,14.62,18900201
F,2015-11-23,14.55,14.73,14.51,14.6,18273923
F,2015-11-24,14.55,14.63,14.32,14.41,21251696
F,2015-11-25,14.55,14.68,14.52,14.54,12624958
F,2015-11-26,14.55,14.55,14.55,14.55,0
F,2015-11-27,14.53,14.59,14.5,14.54,7760586
F,2015-11-30,14.33,14.55,14.29,14.54,27859262
F,2015-12-01,14.56,14.56,14.29,14.32,29140257
F,2015-12-02,14.26,14.62,14.24,14.6,21394847
F,2015-12-03,13.98,14.335,13.93,14.31,29844171
F,2015-12-04,14.2,14.26,14.0,14.08,28353661
F,2015-12-07,14.12,14.2,14.02,14.19,14530246
F,2015-12-08,13.97,14.1,13.88,14.03,30355769
F,2015-12-09,13.89,14.14,13.8,13.91,25188804
F,2015-12-10,13.96,14.09,13.89,13.91,22030711
F,2015-12-11,13.64,13.92,13.58,13.84,29569662
F,2015-12-14,13.62,13.74,13.4,13.66,26816518
F,2015-12-15,13.87,14.0,13.72,13.74,43720556
F,2015-12-16,14.36,14.36,13.99,14.0,40682751
F,2015-12-17,13.98,14.38,13.95,14.37,26168658
F,2015-12-18,13.8,13.91,13.72,13.88,40380348
F,2015-12-21,13.73,13.95,13.67,13.89,31594307
F,2015-12-22,14.2,14.25,13.9,13.93,50641107
F,2015-12-23,14.36,14.38,14.26,14.27,22171438
F,2015-12-24,14.31,14.37,14.25,14.35,9000079
F,2015-12-25,14.31,14.31,14.31,14.31,0
F,2015-12-28,14.18,14.335,14.16,14.28,13695285
F,2015-12-29,14.23,14.3,14.15,14.28,18867589
F,2015-12-30,14.17,14.26,14.12,14.23,13799939
F,2015-12-31,14.09,14.1635,14.04,14.14,19881021
F,2016-01-01,14.09,14.09,14.09,14.09,0
F,2016-01-04,13.97,14.0,13.75,13.87,38618524
F,2016-01-05,13.72,14.0,13.51,13.97,50266484
F,2016-01-06,13.11,13.56,13.05,13.56,61263777
F,2016-01-07,12.7,13.04,12.6,12.9,57838021
F,2016-01-08,12.54,13.1,12.5,13.05,46180524
F,2016-01-11,12.77,12.82,12.55,12.8,41254221
F,2016-01-12,12.85,13.04,12.58,13.03,50895388
F,2016-01-13,12.2,12.84,12.06,12.73,102158855
F,2016-01-14,12.19,12.31,11.82,12.19,62934412
F,2016-01-15,11.97,12.0,11.58,11.81,69024073
F,2016-01-18,11.97,11.97,11.97,11.97,0
F,2016-01-19,11.95,12.16,11.82,12.15,41132363
F,2016-01-20,11.9,12.07,11.47,11.79,59874847
F,2016-01-21,12.01,12.28,11.86,12.01,48838272
F,2016-01-22,12.14,12.36,12.03,12.26,44536703
F,2016-01-25,11.98,12.31,11.93,12.3,96719325
F,2016-01-26,12.26,12.295,12.04,12.14,45954980
F,2016-01-27,11.85,12.1,11.73,12.05,42052323
F,2016-01-28,11.71,12.06,11.2,12.03,75692795
F,2016-01-29,11.94,11.94,11.65,11.83,52124325
F,2016-02-01,12.07,12.14,11.73,11.92,37301185
F,2016-02-02,11.51,12.08,11.45,11.95,55631519
F,2016-02-03,11.46,11.68,11.02,11.67,69444371
F,2016-02-04,11.53,11.69,11.26,11.37,40221640
F,2016-02-05,11.45,11.7,11.42,11.52,33298927
F,2016-02-08,11.59,11.69,11.25,11.39,45273290
F,2016-02-09,11.35,11.61,11.22,11.47,48945894
F,2016-02-10,11.34,11.57,11.33,11.46,38158862
F,2016-02-11,11.17,11.43,11.1,11.17,45799300
F,2016-02-12,11.55,11.58,11.18,11.25,28081683
F,2016-02-15,11.55,11.55,11.55,11.55,0
F,2016-02-16,11.87,11.88,11.525,11.75,41069541
F,2016-02-17,12.27,12.3,11.98,11.99,37760703
F,2016-02-18,12.26,12.44,12.12,12.4,28784007
F,2016-02-19,12.1,12.22,12.01,12.19,26469865
F,2016-02-22,12.56,12.56,12.24,12.24,33545782
F,2016-02-23,12.42,12.65,12.42,12.53,30131729
F,2016-02-24,12.08,12.11,11.6,12.11,60602769
F,2016-02-25,12.39,12.4,12.05,12.11,32023484
F,2016-02-26,12.47,12.59,12.4,12.52,30226855
F,2016-02-29,12.51,12.65,12.39,12.42,32996083
F,2016-03-01,13.09,13.12,12.72,13.01,71522994
F,2016-03-02,13.22,13.35,13.04,13.06,36592346
F,2016-03-03,13.54,13.61,13.24,13.25,44524045
F,2016-03-04,13.59,13.86,13.43,13.56,31816628
F,2016-03-07,13.62,13.74,13.45,13.46,26127507
F,2016-03-08,13.23,13.575,13.15,13.51,34765356
F,2016-03-09,13.19,13.32,13.01,13.25,34143206
F,2016-03-10,13.15,13.28,12.92,13.25,39075372
F,2016-03-11,13.29,13.3,13.2,13.26,27563730
F,2016-03-14,13.27,13.37,13.18,13.28,20607427
F,2016-03-15,13.23,13.24,13.05,13.12,27728805
F,2016-03-16,13.5,13.51,13.18,13.21,47025108
F,2016-03-17,13.47,13.68,13.39,13.47,31517654
F,2016-03-18,13.64,13.7,13.49,13.54,32178356
F,2016-03-21,13.66,13.76,13.56,13.64,20903372
F,2016-03-22,13.59,13.73,13.51,13.65,26145396
F,2016-03-23,13.26,13.605,13.1901,13.57,31532967
F,2016-03-24,13.06,13.12,12.78,13.11,36202698
F,2016-03-25,13.06,13.06,13.06,13.06,0
F,2016-03-28,13.09,13.17,13.07,13.13,18682968
F,2016-03-29,13.2,13.2,12.97,13.05,26062180
F,2016-03-30,13.35,13.44,13.245,13.28,25322305
F,2016-03-31,13.5,13.52,13.34,13.34,32941696
F,2016-04-01,13.1,13.3255,13.05,13.28,57908874
F,2016-04-04,12.8,13.12,12.76,13.11,42373856
F,2016-04-05,12.77,12.85,12.52,12.73,32419480
F,2016-04-06,12.82,12.87,12.65,12.75,22590609
F,2016-04-07,12.52,12.79,12.39,12.77,37678504
F,2016-04-08,12.55,12.78,12.51,12.62,20015116
F,2016-04-11,12.66,12.8,12.58,12.61,27744532
F,2016-04-12,12.81,12.84,12.66,12.72,23416972
F,2016-04-13,13.06,13.12,12.85,12.87,29331009
F,2016-04-14,13.09,13.18,13.02,13.09,22452944
F,2016-04-15,12.94,13.12,12.85,13.1,22981147
F,2016-04-18,13.25,13.28,12.95,12.98,30114253
F,2016-04-19,13.44,13.5,13.28,13.35,28807338
F,2016-04-20,13.64,13.72,13.4,13.42,32188411
F,2016-04-21,13.65,13.88,13.56,13.81,38126222
F,2016-04-22,13.61,13.78,13.51,13.63,28845382
F,2016-04-25,13.58,13.6501,13.47,13.59,19494794
F,2016-04-26,13.75,13.82,13.63,13.66,35203673
F,2016-04-27,13.66,13.71,13.59,13.64,27145560
F,2016-04-28,14.09,14.22,13.71,13.79,87580030
F,2016-04-29,13.56,14.03,13.53,13.93,69675204
F,2016-05-02,13.62,13.79,13.6,13.67,57933049
F,2016-05-03,13.43,13.55,13.15,13.5,45584543
F,2016-05-04,13.31,13.38,13.14,13.29,28892764
F,2016-05-05,13.32,13.43,13.22,13.35,23836247
F,2016-05-06,13.44,13.48,13.2399,13.26,23283450
F,2016-05-09,13.32,13.5,13.28,13.42,21599719
F,2016-05-10,13.49,13.52,13.38,13.38,23583373
F,2016-05-11,13.32,13.54,13.3,13.44,20229580
F,2016-05-12,13.35,13.47,13.17,13.4,24782235
F,2016-05-13,13.22,13.52,13.17,13.34,27481277
F,2016-05-16,13.32,13.375,13.21,13.22,21261978
F,2016-05-17,13.14,13.31,13.07,13.14,34159257
F,2016-05-18,13.16,13.34,13.05,13.12,23509260
F,2016-05-19,13.09,13.195,13.02,13.1,24116596
F,2016-05-20,13.19,13.26,13.13,13.15,19464490
F,2016-05-23,13.13,13.2,13.11,13.14,16233425
F,2016-05-24,13.29,13.3,13.16,13.16,19713643
F,2016-05-25,13.52,13.6,13.33,13.33,26235576
F,2016-05-26,13.46,13.68,13.37,13.59,18367350
F,2016-05-27,13.45,13.5401,13.4,13.48,17251587
F,2016-05-30,13.45,13.45,13.45,13.45,0
F,2016-05-31,13.49,13.56,13.4,13.49,26094294
F,2016-06-01,13.11,13.44,12.97,13.43,58211378
F,2016-06-02,13.21,13.32,13.045,13.09,41613413
F,2016-06-03,13.04,13.14,12.9,13.14,39849948
F,2016-06-06,13.18,13.21,13.04,13.08,25582974
F,2016-06-07,13.38,13.45,13.18,13.23,27655945
F,2016-06-08,13.36,13.49,13.35,13.45,18080509
F,2016-06-09,13.26,13.3,13.14,13.26,19873668
F,2016-06-10,13.1,13.25,13.05,13.17,27381788
F,2016-06-13,12.98,13.13,12.96,13.07,20742439
F,2016-06-14,12.84,13.07,12.76,12.99,30543458
F,2016-06-15,13.01,13.16,12.88,12.91,25829359
F,2016-06-16,13.12,13.14,12.85,12.93,26579669
F,2016-06-17,13.26,13.4,13.15,13.16,37361375
F,2016-06-20,13.42,13.55,13.39,13.39,29666341
F,2016-06-21,13.22,13.44,13.18,13.44,36721509
F,2016-06-22,13.18,13.31,13.15,13.23,20666325
F,2016-06-23,13.4,13.41,13.28,13.29,24505917
F,2016-06-24,12.52,12.905,12.45,12.79,96863138
F,2016-06-27,12.16,12.43,12.0,12.43,52814797
F,2016-06-28,12.39,12.44,12.21,12.42,40635933
F,2016-06-29,12.55,12.58,12.36,12.49,31934732
F,2016-06-30,12.57,12.57,12.26,12.56,44982467
F,2016-07-01,12.72,12.89,12.685,12.88,45066865
F,2016-07-04,12.72,12.72,12.72,12.72,0
F,2016-07-05,12.4,12.59,12.31,12.57,30239643
F,2016-07-06,12.57,12.58,12.21,12.32,35085888
F,2016-07-07,12.75,12.84,12.57,12.57,33472653
F,2016-07-08,13.09,13.17,12.89,12.89,45937636
F,2016-07-11,13.27,13.33,13.13,13.17,28625936
F,2016-07-12,13.45,13.54,13.38,13.38,31319248
F,2016-07-13,13.48,13.51,13.31,13.49,26755409
F,2016-07-14,13.59,13.7,13.55,13.57,31722003
F,2016-07-15,13.57,13.67,13.53,13.63,19525858
F,2016-07-18,13.65,13.68,13.42,13.56,22545937
F,2016-07-19,13.65,13.72,13.5,13.56,26153871
F,2016-07-20,13.74,13.78,13.56,13.61,22588731
F,2016-07-21,13.92,14.04,13.86,13.87,40770317
F,2016-07-22,13.84,13.93,13.71,13.92,25130004
F,2016-07-25,13.83,13.95,13.76,13.86,26230174
F,2016-07-26,13.86,13.88,13.69,13.73,28467227
F,2016-07-27,13.84,13.99,13.75,13.86,34613474
F,2016-07-28,12.71,12.86,12.45,12.78,142130058
F,2016-07-29,12.66,12.88,12.6,12.61,59744758
F,2016-08-01,12.48,12.62,12.4,12.61,51959917
F,2016-08-02,11.94,12.36,11.9,12.35,101610185
F,2016-08-03,12.13,12.2,11.94,12.02,47305980
F,2016-08-04,12.08,12.23,12.05,12.12,38438870
F,2016-08-05,12.19,12.26,12.16,12.16,31218892
F,2016-08-08,12.18,12.33,12.15,12.22,33264860
F,2016-08-09,12.31,12.375,12.15,12.16,30097168
F,2016-08-10,12.25,12.36,12.23,12.3,24554781
F,2016-08-11,12.31,12.37,12.2639,12.31,24985889
F,2016-08-12,12.33,12.37,12.25,12.29,18814926
F,2016-08-15,12.43,12.44,12.36,12.37,16371099
F,2016-08-16,12.34,12.43,12.33,12.35,20445566
F,2016-08-17,12.39,12.39,12.23,12.33,23433304
F,2016-08-18,12.33,12.36,12.265,12.33,23623788
F,2016-08-19,12.39,12.41,12.25,12.3,21890426
F,2016-08-22,12.36,12.38,12.29,12.35,22457965
F,2016-08-23,12.42,12.43,12.325,12.4,34631368
F,2016-08-24,12.3,12.44,12.28,12.41,19997097
F,2016-08-25,12.47,12.52,12.21,12.3,44710764
F,2016-08-26,12.38,12.55,12.34,12.47,22643582
F,2016-08-29,12.47,12.5,12.38,12.38,22243159
F,2016-08-30,12.55,12.56,12.43,12.46,26040408
F,2016-08-31,12.6,12.61,12.48,12.48,26029699
F,2016-09-01,12.44,12.72,12.35,12.66,40504206
F,2016-09-02,12.5,12.57,12.46,12.53,21075786
F,2016-09-05,12.5,12.5,12.5,12.5,0
F,2016-09-06,12.67,12.67,12.43,12.49,36098940
F,2016-09-07,12.7,12.75,12.62,12.62,22873210
F,2016-09-08,12.73,12.75,12.5,12.5,34015956
F,2016-09-09,12.38,12.685,12.38,12.61,35721925
F,2016-09-12,12.7,12.77,12.28,12.32,42686874
F,2016-09-13,12.38,12.68,12.33,12.53,56548095
F,2016-09-14,12.14,12.31,12.11,12.18,62442511
F,2016-09-15,12.11,12.18,12.06,12.14,57360882
F,2016-09-16,12.11,12.13,12.01,12.05,26271568
F,2016-09-19,12.11,12.33,12.0586,12.12,41174953
F,2016-09-20,12.0,12.19,11.96,12.09,37814435
F,2016-09-21,12.09,12.11,12.01,12.08,32925662
F,2016-09-22,12.18,12.29,12.16,12.17,36130094
F,2016-09-23,12.17,12.22,12.12,12.12,18993510
F,2016-09-26,12.01,12.12,12.0,12.12,26753623
F,2016-09-27,11.98,12.09,11.93,12.02,28962404
F,2016-09-28,12.09,12.09,11.96,12.02,29332634
F,2016-09-29,11.97,12.12,11.95,12.03,23397324
F,2016-09-30,12.07,12.14,11.99,12.0,34903787
F,2016-10-03,12.1,12.15,12.02,12.06,20683081
F,2016-10-04,12.2,12.25,12.09,12.11,23945543
F,2016-10-05,12.48,12.53,12.22,12.22,55474740
F,2016-10-06,12.39,12.505,12.33,12.43,25876468
F,2016-10-07,12.29,12.42,12.2,12.39,22091202
F,2016-10-10,12.12,12.38,12.1,12.35,24948644
F,2016-10-11,11.99,12.17,11.91,12.17,40048627
F,2016-10-12,11.96,12.01,11.94,12.0,20617631
F,2016-10-13,11.91,11.91,11.69,11.91,39903890
F,2016-10-14,11.91,12.0,11.89,11.96,25774171
F,2016-10-17,11.88,12.0,11.88,11.91,19872671
F,2016-10-18,11.89,11.93,11.71,11.92,39907472
F,2016-10-19,12.01,12.05,11.88,11.89,26069363
F,2016-10-20,11.97,12.03,11.9,12.02,18111768
F,2016-10-21,12.02,12.04,11.85,11.93,24361504
F,2016-10-24,12.19,12.2,12.06,12.06,33726678
F,2016-10-25,11.85,12.1,11.76,12.05,42481693
F,2016-10-26,11.88,11.93,11.76,11.8,36207763
F,2016-10-27,11.74,11.83,11.6,11.81,48397981
F,2016-10-28,11.72,11.85,11.625,11.74,37113572
F,2016-10-31,11.74,11.81,11.69,11.75,31897645
F,2016-11-01,11.61,11.84,11.5,11.78,35611173
F,2016-11-02,11.4,11.56,11.36,11.51,36222398
F,2016-11-03,11.35,11.46,11.27,11.39,38649901
F,2016-11-04,11.34,11.5,11.3,11.31,24750352
F,2016-11-07,11.58,11.62,11.39,11.52,25119743
F,2016-11-08,11.48,11.51,11.35,11.5,28494694
F,2016-11-09,11.58,11.63,11.07,11.15,60624648
F,2016-11-10,11.94,11.98,11.58,11.58,52750404
F,2016-11-11,12.28,12.4,11.84,11.88,79257670
F,2016-11-14,12.06,12.5,12.02,12.27,56083663
F,2016-11-15,12.04,12.1393,11.95,12.06,31497468
F,2016-11-16,12.0,12.05,11.92,12.0,25190560
F,2016-11-17,11.87,11.96,11.78,11.9,38498848
F,2016-11-18,11.76,11.9,11.73,11.87,30662036
F,2016-11-21,11.79,11.9,11.77,11.77,19498508
F,2016-11-22,11.89,11.91,11.73,11.76,24272147
F,2016-11-23,11.9,12.0,11.85,11.9,22417781
F,2016-11-24,11.9,11.9,11.9,11.9,0
F,2016-11-25,12.04,12.06,11.93,11.95,11439553
F,2016-11-28,11.92,12.05,11.89,12.02,24406292
F,2016-11-29,11.92,12.0,11.87,11.93,23689307
F,2016-11-30,11.96,12.14,11.92,11.97,47645220
F,2016-12-01,12.43,12.8,12.18,12.23,95142619
F,2016-12-02,12.24,12.58,12.15,12.58,38689842
F,2016-12-05,12.44,12.5,12.29,12.31,36219973
F,2016-12-06,12.56,12.59,12.37,12.4,23922007
F,2016-12-07,13.06,13.15,12.54,12.59,58586472
F,2016-12-08,13.03,13.15,12.97,13.07,41458687
F,2016-12-09,13.17,13.2,12.91,13.0,45248217
F,2016-12-12,12.82,13.1,12.81,13.08,39596495
F,2016-12-13,12.77,12.88,12.75,12.84,39570100
F,2016-12-14,12.53,12.7905,12.5,12.65,42817623
F,2016-12-15,12.58,12.72,12.52,12.54,23772182
F,2016-12-16,12.63,12.7,12.5615,12.66,28350385
F,2016-12-19,12.66,12.795,12.59,12.59,22830013
F,2016-12-20,12.78,12.82,12.68,12.7,17820987
F,2016-12-21,12.64,12.77,12.64,12.73,18114610
F,2016-12-22,12.4,12.64,12.4,12.63,27817321
F,2016-12-23,12.46,12.46,12.36,12.43,15619678
F,2016-12-26,12.46,12.46,12.46,12.46,0
F,2016-12-27,12.39,12.51,12.36,12.43,19459340
F,2016-12-28,12.25,12.45,12.22,12.37,26871924
F,2016-12-29,12.23,12.31,12.22,12.25,19806511
F,2016-12-30,12.13,12.28,12.08,12.24,27401726
F,2017-01-02,12.13,12.13,12.13,12.13,0
F,2017-01-03,12.59,12.6,12.13,12.2,40507405
F,2017-01-04,13.17,13.27,12.74,12.77,77633160
F,2017-01-05,12.77,13.22,12.63,13.21,75620123
F,2017-01-06,12.76,12.84,12.64,12.8,40308387
F,2017-01-09,12.63,12.86,12.63,12.79,39428986
F,2017-01-10,12.85,13.02,12.66,12.7,58699507
F,2017-01-11,12.67,12.72,12.51,12.71,49717825
F,2017-01-12,12.59,12.68,12.35,12.66,36487724
F,2017-01-13,12.63,12.67,12.5,12.62,29192305
F,2017-01-16,12.63,12.63,12.63,12.63,0
F,2017-01-17,12.61,12.73,12.54,12.65,49059599
F,2017-01-18,12.41,12.45,12.3,12.43,33825905
F,2017-01-19,12.43,12.56,12.34,12.4,30129266
F,2017-01-20,12.36,12.48,12.31,12.45,29248019
F,2017-01-23,12.31,12.38,12.22,12.35,31667271
F,2017-01-24,12.61,12.61,12.335,12.35,34611769
F,2017-01-25,12.79,12.8,12.64,12.71,46728240
F,2017-01-26,12.37,12.68,12.35,12.65,55649294
F,2017-01-27,12.49,12.54,12.38,12.48,34613088
F,2017-01-30,12.37,12.46,12.28,12.46,39253163
F,2017-01-31,12.36,12.39,12.19,12.31,46968079
F,2017-02-01,12.32,12.58,12.22,12.45,44393482
F,2017-02-02,12.28,12.37,12.23,12.3,29028031
F,2017-02-03,12.56,12.62,12.39,12.42,38236251
F,2017-02-06,12.52,12.615,12.46,12.55,26916768
F,2017-02-07,12.34,12.52,12.31,12.5,32913413
F,2017-02-08,12.38,12.45,12.27,12.34,26400517
F,2017-02-09,12.38,12.47,12.35,12.4,32924477
F,2017-02-10,12.51,12.51,12.37,12.44,32992115
F,2017-02-13,12.56,12.62,12.48,12.54,24465261
F,2017-02-14,12.65,12.7,12.59,12.64,28353567
F,2017-02-15,12.63,12.64,12.55,12.62,25110652
F,2017-02-16,12.54,12.64,12.48,12.61,22886525
F,2017-02-17,12.58,12.58,12.42,12.5,26403055
F,2017-02-20,12.58,12.58,12.58,12.58,0
F,2017-02-21,12.69,12.72,12.61,12.61,29156181
F,2017-02-22,12.67,12.765,12.65,12.66,24780312
F,2017-02-23,12.56,12.715,12.55,12.7,22518097
F,2017-02-24,12.47,12.51,12.38,12.51,40817295
F,2017-02-27,12.66,12.68,12.43,12.49,41712492
F,2017-02-28,12.53,12.659,12.45,12.63,36086533
F,2017-03-01,12.69,12.75,12.65,12.66,36178576
F,2017-03-02,12.66,12.745,12.58,12.72,33245019
F,2017-03-03,12.65,12.71,12.53,12.66,30493288
F,2017-03-06,12.52,12.6,12.5,12.58,28752264
F,2017-03-07,12.46,12.525,12.42,12.51,25890234
F,2017-03-08,12.53,12.64,12.46,12.5,27327834
F,2017-03-09,12.5,12.54,12.4,12.54,29145640
F,2017-03-10,12.53,12.63,12.47,12.55,34863176
F,2017-03-13,12.54,12.63,12.5,12.56,22613892
F,2017-03-14,12.55,12.56,12.45,12.51,26948579
F,2017-03-15,12.65,12.65,12.52,12.56,34287020
F,2017-03-16,12.7,12.72,12.59,12.65,28950794
F,2017-03-17,12.48,12.74,12.45,12.74,54919865
F,2017-03-20,12.28,12.49,12.25,12.48,45312905
F,2017-03-21,11.72,12.32,11.7,12.3,101547449
F,2017-03-22,11.77,11.83,11.62,11.78,71100888
F,2017-03-23,11.67,11.75,11.5,11.57,71205359
F,2017-03-24,11.62,11.765,11.55,11.66,43770007
F,2017-03-27,11.46,11.55,11.41,11.51,57693019
F,2017-03-28,11.65,11.8,11.48,11.51,57660031
F,2017-03-29,11.68,11.76,11.64,11.73,35793937
F,2017-03-30,11.68,11.74,11.61,11.67,28004891
F,2017-03-31,11.64,11.68,11.6,11.66,26715340
F,2017-04-03,11.44,11.64,11.28,11.64,65664063
F,2017-04-04,11.37,11.48,11.28,11.38,40059333
F,2017-04-05,11.26,11.495,11.25,11.48,43296500
F,2017-04-06,11.27,11.36,11.22,11.27,36163887
F,2017-04-07,11.23,11.31,11.21,11.26,28873709
F,2017-04-10,11.25,11.35,11.24,11.26,25848209
F,2017-04-11,11.28,11.28,11.17,11.27,36361406
F,2017-04-12,11.23,11.295,11.2,11.27,56562953
F,2017-04-13,11.11,11.25,11.11,11.22,32786828
F,2017-04-14,11.11,11.11,11.11,11.11,0
F,2017-04-17,11.28,11.3,11.14,11.22,44720043
F,2017-04-18,11.14,11.18,11.08,11.15,35653781
F,2017-04-19,11.19,11.28,11.17,11.19,37522088
F,2017-04-20,11.47,11.5,11.24,11.25,49986341
F,2017-04-21,11.34,11.48,11.32,11.46,26071516
F,2017-04-24,11.43,11.5,11.36,11.48,41071320
F,2017-04-25,11.48,11.5,11.43,11.47,35857521
F,2017-04-26,11.6,11.7,11.45,11.47,51684168
F,2017-04-27,11.47,11.68,11.34,11.66,50200588
F,2017-04-28,11.47,11.51,11.4,11.51,41413440
F,2017-05-01,11.42,11.54,11.4,11.49,32117429
F,2017-05-02,10.92,11.37,10.9,11.3,99489991
F,2017-05-03,11.07,11.09,10.91,10.92,57285804
F,2017-05-04,11.0,11.11,10.96,11.09,34637854
F,2017-05-05,11.14,11.16,10.98,11.01,28924001
F,2017-05-08,11.13,11.24,11.09,11.18,35560557
F,2017-05-09,11.16,11.255,11.1,11.14,44138414
F,2017-05-10,11.04,11.2,11.03,11.16,34986554
F,2017-05-11,11.01,11.07,10.97,11.04,29274986
F,2017-05-12,10.92,11.03,10.9,11.0,34261365
F,2017-05-15,10.94,11.03,10.92,10.96,27342030
F,2017-05-16,10.94,11.07,10.9,11.06,42108583
F,2017-05-17,10.76,10.95,10.67,10.88,54644965
F,2017-05-18,10.79,10.82,10.7,10.73,37890246
F,2017-05-19,10.87,10.94,10.79,10.81,32429488
F,2017-05-22,11.1,11.13,10.98,11.11,73301992
F,2017-05-23,11.05,11.165,10.97,11.16,40808822
F,2017-05-24,10.96,11.06,10.87,11.06,46729516
F,2017-05-25,10.86,10.97,10.76,10.96,46258106
F,2017-05-26,10.93,10.945,10.81,10.85,28175254
F,2017-05-29,10.93,10.93,10.93,10.93,0
F,2017-05-30,11.08,11.12,10.99,11.0,36081722
F,2017-05-31,11.12,11.13,11.0,11.12,36423197
F,2017-06-01,11.41,11.54,11.1,11.25,76701480
F,2017-06-02,11.35,11.43,11.24,11.42,45923514
F,2017-06-05,11.25,11.36,11.225,11.36,42558185
F,2017-06-06,11.12,11.2,11.05,11.19,44543687
F,2017-06-07,11.07,11.19,11.02,11.16,37343908
F,2017-06-08,11.1,11.1,10.91,10.94,40755815
F,2017-06-09,11.13,11.15,11.01,11.09,30279559
F,2017-06-12,11.28,11.36,11.13,11.13,38472107
F,2017-06-13,11.27,11.35,11.15,11.315,29889309
F,2017-06-14,11.22,11.29,11.06,11.28,44362204
F,2017-06-15,11.24,11.29,11.14,11.15,28430706
F,2017-06-16,11.22,11.24,11.07,11.24,54035114
F,2017-06-19,11.24,11.28,11.18,11.2,30539390
F,2017-06-20,11.12,11.22,11.09,11.21,31971454
F,2017-06-21,11.04,11.15,11.0,11.15,36998481
F,2017-06-22,11.13,11.18,11.0,11.02,26971216
F,2017-06-23,11.04,11.13,11.0,11.1,45190146
F,2017-06-26,11.18,11.2,11.055,11.06,31315655
F,2017-06-27,11.08,11.2,11.06,11.17,28481155
F,2017-06-28,11.09,11.17,11.07,11.11,31819976
F,2017-06-29,11.17,11.2,11.07,11.13,32915542
F,2017-06-30,11.19,11.28,11.16,11.18,41073276
F,2017-07-03,11.56,11.685,11.25,11.36,43949588
F,2017-07-04,11.56,11.56,11.56,11.56,0
F,2017-07-05,11.3,11.56,11.26,11.51,39403372
F,2017-07-06,11.18,11.36,11.17,11.29,31934539
F,2017-07-07,11.26,11.28,11.16,11.21,20871743
F,2017-07-10,11.34,11.35,11.23,11.24,18878982
F,2017-07-11,11.38,11.43,11.3,11.31,25913483
F,2017-07-12,11.47,11.62,11.4,11.41,33086284
F,2017-07-13,11.6,11.69,11.45,11.46,33649497
F,2017-07-14,11.68,11.73,11.6,11.645,39791582
F,2017-07-17,11.74,11.75,11.65,11.71,24382450
F,2017-07-18,11.75,11.75,11.67,11.72,24624742
F,2017-07-19,11.83,11.83,11.74,11.76,26223066
F,2017-07-20,11.7,11.78,11.66,11.69,29891166
F,2017-07-21,11.53,11.62,11.46,11.59,27626184
F,2017-07-24,11.29,11.55,11.27,11.51,48114024
F,2017-07-25,11.27,11.375,11.22,11.3,52844864
F,2017-07-26,11.06,11.16,10.95,11.14,72258217
F,2017-07-27,11.18,11.2,11.03,11.08,38687493
F,2017-07-28,11.17,11.22,11.06,11.15,24833341
F,2017-07-31,11.22,11.23,11.125,11.16,39548451
F,2017-08-01,10.95,11.15,10.87,11.11,65089083
F,2017-08-02,11.0,11.025,10.93,10.98,30879398
F,2017-08-03,10.93,11.05,10.92,11.01,20301473
F,2017-08-04,10.95,10.99,10.78,10.9,29264751
F,2017-08-07,10.92,10.98,10.9,10.94,35012923
F,2017-08-08,10.89,11.0,10.88,10.95,26102222
F,2017-08-09,10.92,10.95,10.83,10.88,32143597
F,2017-08-10,10.77,10.91,10.77,10.88,31900387
F,2017-08-11,10.77,10.84,10.76,10.79,32298617
F,2017-08-14,10.91,10.95,10.79,10.82,26398659
F,2017-08-15,10.84,11.0,10.835,10.92,29253575
