Symbol,Date,Close,High,Low,Open,Volume
TM,2010-08-16,70.48,70.52,69.85,69.99,484291
TM,2010-08-17,70.65,70.925,70.5,70.86,409830
TM,2010-08-18,70.63,70.93,70.57,70.77,431867
TM,2010-08-19,71.26,71.929,70.73,71.37,727930
TM,2010-08-20,70.43,70.7,69.99,70.34,374666
TM,2010-08-23,69.96,70.69,69.9,70.53,336081
TM,2010-08-24,69.76,69.99,69.2,69.74,592040
TM,2010-08-25,69.06,69.16,68.35,68.89,720062
TM,2010-08-26,68.72,69.4,68.45,69.05,551546
TM,2010-08-27,69.36,69.46,68.51,69.21,418350
TM,2010-08-30,68.25,68.81,68.25,68.74,443054
TM,2010-08-31,67.84,68.45,67.66,68.08,525726
TM,2010-09-01,68.83,68.89,68.0,68.25,634687
TM,2010-09-02,68.22,68.22,67.56,67.9,605162
TM,2010-09-03,69.71,69.94,69.12,69.14,609648
TM,2010-09-06,69.71,69.94,69.12,69.14,0
TM,2010-09-07,69.24,69.81,69.17,69.63,343023
TM,2010-09-08,69.12,69.24,68.85,69.15,673395
TM,2010-09-09,70.7,70.78,70.28,70.44,1654593
TM,2010-09-10,70.6,70.8,70.43,70.64,856680
TM,2010-09-13,70.29,70.5,69.97,70.5,972159
TM,2010-09-14,69.8,70.13,69.17,69.42,996677
TM,2010-09-15,71.22,71.22,70.421,70.66,669644
TM,2010-09-16,71.73,71.83,71.16,71.57,396755
TM,2010-09-17,71.51,71.96,71.34,71.9,254483
TM,2010-09-20,72.18,72.31,71.38,71.9,961846
TM,2010-09-21,71.63,72.31,71.36,72.31,833308
TM,2010-09-22,71.55,71.93,71.05,71.93,499478
TM,2010-09-23,70.97,71.39,70.7,70.91,341994
TM,2010-09-24,73.06,73.06,72.36,72.54,655525
TM,2010-09-27,72.4,73.2,72.3,73.19,424486
TM,2010-09-28,73.15,73.24,72.28,72.79,352782
TM,2010-09-29,73.0,73.3599,72.71,73.0,492099
TM,2010-09-30,71.58,72.82,71.45,72.33,719640
TM,2010-10-01,71.8,71.99,71.53,71.75,535385
TM,2010-10-04,70.79,71.26,70.52,70.73,369216
TM,2010-10-05,72.03,72.06,71.29,71.35,401893
TM,2010-10-06,71.19,71.48,71.11,71.32,473320
TM,2010-10-07,71.15,71.78,70.94,71.78,278422
TM,2010-10-08,71.07,71.15,70.51,70.65,345530
TM,2010-10-11,70.87,71.21,70.76,71.01,194349
TM,2010-10-12,70.05,70.29,69.65,69.98,478861
TM,2010-10-13,70.3,70.7301,69.93,70.05,483078
TM,2010-10-14,72.37,72.42,71.28,71.65,1073623
TM,2010-10-15,71.51,72.02,71.06,71.6,995167
TM,2010-10-18,72.58,72.66,72.0,72.01,352179
TM,2010-10-19,71.35,72.0,71.031,71.6,534317
TM,2010-10-20,71.69,71.78,71.09,71.09,612238
TM,2010-10-21,71.62,71.97,71.23,71.46,440438
TM,2010-10-22,71.7,72.13,71.46,71.67,418155
TM,2010-10-25,71.36,71.98,71.1,71.7,450900
TM,2010-10-26,70.87,71.13,70.58,70.95,363809
TM,2010-10-27,70.91,71.38,70.29,71.04,1345831
TM,2010-10-28,71.13,71.19,70.52,70.96,534230
TM,2010-10-29,70.82,71.03,70.625,70.91,237035
TM,2010-11-01,69.63,70.1,69.3275,70.1,695826
TM,2010-11-02,70.23,70.75,70.2,70.35,534826
TM,2010-11-03,70.71,70.71,69.75,70.23,441081
TM,2010-11-04,72.73,72.82,71.62,71.95,1879956
TM,2010-11-05,72.64,73.92,72.35,73.83,1018002
TM,2010-11-08,73.74,73.82,73.11,73.6,900839
TM,2010-11-09,73.1,74.36,72.77,74.01,881603
TM,2010-11-10,75.0,75.31,74.0,74.23,1309615
TM,2010-11-11,75.25,75.3499,74.8505,75.26,687484
TM,2010-11-12,75.51,76.4,75.2819,75.54,1116434
TM,2010-11-15,75.66,76.3675,75.66,76.27,624862
TM,2010-11-16,74.93,75.66,74.75,75.63,836204
TM,2010-11-17,75.85,76.18,75.58,75.84,673792
TM,2010-11-18,77.29,77.51,76.8301,77.36,992235
TM,2010-11-19,78.47,78.47,77.46,78.04,957677
TM,2010-11-22,78.47,78.67,77.79,78.36,647198
TM,2010-11-23,77.43,78.36,77.08,77.41,627046
TM,2010-11-24,78.93,78.97,78.25,78.47,653976
TM,2010-11-25,78.93,78.97,78.25,78.47,0
TM,2010-11-26,78.36,78.46,78.06,78.09,313641
TM,2010-11-29,78.25,78.38,77.03,77.76,540217
TM,2010-11-30,77.69,77.99,76.56,76.95,552384
TM,2010-12-01,79.58,79.81,79.02,79.06,1171025
TM,2010-12-02,79.02,79.47,78.34,78.36,585151
TM,2010-12-03,79.05,79.25,78.42,78.5,654845
TM,2010-12-06,79.14,79.3,78.81,79.0,286380
TM,2010-12-07,78.67,79.4401,78.55,79.31,520005
TM,2010-12-08,78.36,78.79,77.77,78.47,363675
TM,2010-12-09,77.97,78.37,77.61,78.37,353828
TM,2010-12-10,77.26,77.49,76.8408,77.16,393519
TM,2010-12-13,77.98,78.23,77.5107,77.84,407308
TM,2010-12-14,78.04,78.48,77.865,78.1,332691
TM,2010-12-15,78.14,78.67,77.95,78.09,326549
TM,2010-12-16,78.3,78.43,77.67,78.0,191218
TM,2010-12-17,77.48,77.75,77.25,77.44,284867
TM,2010-12-20,77.23,77.64,77.12,77.42,302863
TM,2010-12-21,78.01,78.1281,77.29,77.5,380518
TM,2010-12-22,77.69,77.89,77.55,77.55,194521
TM,2010-12-23,77.66,78.05,77.45,78.0,199261
TM,2010-12-24,77.66,78.05,77.45,78.0,0
TM,2010-12-27,77.9,78.0,77.41,77.41,229460
TM,2010-12-28,78.25,78.55,78.0702,78.55,246054
TM,2010-12-29,79.1,79.12,78.75,78.94,293307
TM,2010-12-30,78.35,79.09,78.06,78.91,251792
TM,2010-12-31,78.63,78.86,78.14,78.24,258714
TM,2011-01-03,79.43,79.75,79.02,79.02,397139
TM,2011-01-04,79.86,79.86,79.1101,79.33,433606
TM,2011-01-05,80.2,80.38,78.7,79.61,522862
TM,2011-01-06,81.54,81.89,80.88,81.07,1074172
TM,2011-01-07,82.46,82.9499,82.15,82.62,686179
TM,2011-01-10,82.77,82.77,82.05,82.19,416918
TM,2011-01-11,83.38,83.38,82.87,83.29,389232
TM,2011-01-12,84.44,84.64,83.75,84.17,592668
TM,2011-01-13,85.39,85.68,85.0,85.27,904516
TM,2011-01-14,85.96,86.1,85.43,85.51,537399
TM,2011-01-17,85.96,86.1,85.43,85.51,0
TM,2011-01-18,85.18,85.49,84.87,85.31,399743
TM,2011-01-19,84.0,85.03,83.71,85.02,574103
TM,2011-01-20,83.36,83.62,82.52,83.47,774291
TM,2011-01-21,82.01,82.33,81.62,81.82,607672
TM,2011-01-24,83.5,83.67,82.17,82.42,390869
TM,2011-01-25,83.86,83.98,83.273,83.42,305978
TM,2011-01-26,82.29,82.85,82.05,82.38,888587
TM,2011-01-27,83.53,83.81,83.0,83.02,476719
TM,2011-01-28,81.36,82.55,81.15,82.4,828048
TM,2011-01-31,82.18,82.54,81.52,82.2,648583
TM,2011-02-01,83.29,83.38,82.34,82.61,580984
TM,2011-02-02,85.0,85.11,84.56,85.01,951561
TM,2011-02-03,84.68,84.75,83.7719,84.44,385848
TM,2011-02-04,84.75,84.75,84.03,84.75,464278
TM,2011-02-07,85.13,85.24,84.7,84.73,327850
TM,2011-02-08,88.57,89.31,86.91,86.91,2935570
TM,2011-02-09,89.63,89.63,88.23,89.09,1299981
TM,2011-02-10,88.82,90.9818,88.55,90.33,2106506
TM,2011-02-11,90.05,90.2,88.9,88.91,891893
TM,2011-02-14,92.81,92.97,92.35,92.61,1060513
TM,2011-02-15,92.97,93.5,92.66,93.1,676425
TM,2011-02-16,93.68,93.74,93.0601,93.19,447338
TM,2011-02-17,93.45,93.65,93.22,93.59,796273
TM,2011-02-18,93.2,93.49,93.0119,93.39,373442
TM,2011-02-21,93.2,93.49,93.0119,93.39,0
TM,2011-02-22,90.69,91.9,90.35,91.2,1023849
TM,2011-02-23,90.17,90.81,89.09,90.48,997951
TM,2011-02-24,90.1,90.68,88.5,89.08,1040473
TM,2011-02-25,91.75,91.83,91.06,91.52,558901
TM,2011-02-28,93.3,93.5301,92.87,93.41,763404
TM,2011-03-01,92.84,93.9,92.55,93.72,993039
TM,2011-03-02,91.53,92.16,91.1108,91.91,643264
TM,2011-03-03,92.19,92.2,91.5,91.8,541319
TM,2011-03-04,90.99,91.85,90.2,91.61,440689
TM,2011-03-07,89.02,90.58,88.8703,90.32,578927
TM,2011-03-08,89.99,90.3299,89.11,89.67,426646
TM,2011-03-09,89.54,90.0,89.36,89.65,455717
TM,2011-03-10,87.52,88.49,87.35,88.07,587891
TM,2011-03-11,85.65,86.09,84.76,85.3,1793484
TM,2011-03-14,81.73,81.97,80.23,80.58,3652624
TM,2011-03-15,81.39,82.06,77.36,77.54,5123828
TM,2011-03-16,80.41,82.78,79.1,82.11,2983186
TM,2011-03-17,82.06,82.69,81.24,82.26,1529837
TM,2011-03-18,81.56,81.58,79.79,79.9,1465901
TM,2011-03-21,83.75,84.28,82.43,83.5,1708868
TM,2011-03-22,83.0,83.23,82.52,82.98,1218966
TM,2011-03-23,82.14,82.72,80.95,81.86,937358
TM,2011-03-24,81.19,81.79,80.2,80.28,1510074
TM,2011-03-25,80.76,81.09,80.52,80.99,1007568
TM,2011-03-28,80.55,81.23,80.5,80.85,711765
TM,2011-03-29,79.71,80.07,79.42,79.57,1137203
TM,2011-03-30,80.96,81.52,80.26,80.52,846274
TM,2011-03-31,80.25,80.77,80.2,80.73,532792
TM,2011-04-01,80.51,81.0,79.8,80.53,744270
TM,2011-04-04,79.48,80.21,79.41,80.21,961548
TM,2011-04-05,77.63,78.33,77.22,77.51,2072760
TM,2011-04-06,77.35,77.8701,76.92,77.14,1959971
TM,2011-04-07,77.21,77.86,75.95,77.86,1641757
TM,2011-04-08,77.88,78.64,77.68,78.56,1188878
TM,2011-04-11,76.5,77.1099,76.26,77.01,1059738
TM,2011-04-12,77.2,77.56,76.63,76.65,1038782
TM,2011-04-13,77.98,78.39,77.6033,78.34,724166
TM,2011-04-14,77.88,78.09,77.32,77.77,713649
TM,2011-04-15,77.64,78.0891,77.47,77.74,513698
TM,2011-04-18,77.25,77.36,76.84,76.98,825439
TM,2011-04-19,76.12,76.41,75.85,76.3,939315
TM,2011-04-20,77.26,77.43,76.92,77.28,526046
TM,2011-04-21,77.8,78.31,77.67,77.92,476890
TM,2011-04-22,77.8,78.31,77.67,77.92,0
TM,2011-04-25,79.51,79.53,78.89,79.29,936784
TM,2011-04-26,78.66,78.79,78.2,78.77,776673
TM,2011-04-27,78.29,78.43,77.6499,78.09,714539
TM,2011-04-28,79.5,79.66,78.65,78.89,503851
TM,2011-04-29,79.68,80.19,79.58,79.6,558164
TM,2011-05-02,80.16,80.77,79.99,80.77,692144
TM,2011-05-03,79.69,80.37,79.2009,80.33,640103
TM,2011-05-04,79.76,80.2,79.54,79.79,455775
TM,2011-05-05,79.56,80.16,79.24,79.55,687738
TM,2011-05-06,79.1,79.99,78.68,79.93,599436
TM,2011-05-09,79.36,79.39,78.62,79.06,484848
TM,2011-05-10,81.02,81.05,80.5,80.63,716604
TM,2011-05-11,81.46,81.62,80.46,81.0,966076
TM,2011-05-12,83.63,83.7,82.45,82.85,1659954
TM,2011-05-13,83.38,84.0,83.17,83.9,1070007
TM,2011-05-16,82.21,82.989,82.02,82.89,552484
TM,2011-05-17,81.37,81.56,80.87,81.21,665819
TM,2011-05-18,81.39,81.48,81.01,81.22,392766
TM,2011-05-19,80.7,81.17,80.22,81.02,678895
TM,2011-05-20,79.96,80.32,79.7,80.32,532727
TM,2011-05-23,79.54,79.85,79.171,79.29,497414
TM,2011-05-24,79.89,80.32,79.69,79.9,927117
TM,2011-05-25,81.77,82.15,80.61,80.76,685986
TM,2011-05-26,82.21,82.38,81.71,82.01,558595
TM,2011-05-27,82.26,82.3101,81.93,82.08,291856
TM,2011-05-30,82.26,82.3101,81.93,82.08,0
TM,2011-05-31,83.29,83.4699,82.84,83.39,652738
TM,2011-06-01,81.5,82.8475,81.36,82.71,711115
TM,2011-06-02,80.91,81.33,80.6001,81.13,409838
TM,2011-06-03,80.51,80.9999,80.14,80.33,650102
TM,2011-06-06,79.92,80.35,79.73,80.15,445078
TM,2011-06-07,81.57,81.9,81.42,81.7,760797
TM,2011-06-08,81.75,82.425,81.565,81.94,743600
TM,2011-06-09,81.92,82.14,81.41,81.58,308697
TM,2011-06-10,80.67,81.32,80.62,81.31,1000087
TM,2011-06-13,79.72,80.26,79.4,80.21,836111
TM,2011-06-14,80.44,80.66,80.04,80.08,464499
TM,2011-06-15,79.48,80.33,79.28,79.91,550592
TM,2011-06-16,79.47,79.75,79.03,79.24,580151
TM,2011-06-17,79.51,79.9,79.37,79.61,375296
TM,2011-06-20,80.13,80.2,79.26,79.35,460553
TM,2011-06-21,80.76,80.89,80.12,80.3,403290
TM,2011-06-22,80.7,81.41,80.52,80.52,404032
TM,2011-06-23,80.82,80.91,79.85,79.97,568786
TM,2011-06-24,81.29,81.67,81.17,81.49,334232
TM,2011-06-27,79.74,80.065,79.47,79.67,623110
TM,2011-06-28,80.08,80.25,79.76,79.82,241733
TM,2011-06-29,81.53,81.66,80.57,81.16,431027
TM,2011-06-30,82.42,82.64,81.6896,81.73,532921
TM,2011-07-01,83.45,83.5,82.44,82.44,624563
TM,2011-07-04,83.45,83.5,82.44,82.44,0
TM,2011-07-05,83.6,83.75,83.23,83.49,293073
TM,2011-07-06,84.27,84.35,83.77,84.23,330919
TM,2011-07-07,84.64,84.9,84.2,84.5,421140
TM,2011-07-08,84.4,84.65,83.69,84.33,473551
TM,2011-07-11,83.7,83.92,83.351,83.68,504094
TM,2011-07-12,83.64,84.25,83.54,83.5801,460302
TM,2011-07-13,84.68,85.24,84.37,84.46,477459
TM,2011-07-14,84.28,85.15,83.91,84.72,422988
TM,2011-07-15,83.85,84.55,83.44,84.13,466617
TM,2011-07-18,83.36,83.61,82.95,83.49,834066
TM,2011-07-19,84.24,84.71,83.73,83.73,443369
TM,2011-07-20,84.33,84.4,83.7,84.34,246686
TM,2011-07-21,85.47,85.49,84.3,84.33,609471
TM,2011-07-22,85.01,85.4,84.72,85.22,204597
TM,2011-07-25,84.13,84.56,84.0,84.0,228018
TM,2011-07-26,84.1,84.42,83.8,84.22,344193
TM,2011-07-27,82.17,83.39,82.05,83.23,416880
TM,2011-07-28,81.43,82.43,81.3,81.98,493054
TM,2011-07-29,81.92,82.12,81.03,81.17,366650
TM,2011-08-01,81.77,82.21,81.16,82.09,481881
TM,2011-08-02,81.29,82.57,81.04,81.4,709003
TM,2011-08-03,81.26,81.4,79.83,81.07,604687
TM,2011-08-04,77.41,79.04,77.39,78.66,1153951
TM,2011-08-05,77.43,78.4,75.51,78.0,1220954
TM,2011-08-08,73.72,77.3,73.11,76.24,1192760
TM,2011-08-09,77.21,77.28,73.84,76.35,1287907
TM,2011-08-10,73.43,75.43,73.27,75.43,739389
TM,2011-08-11,75.14,75.94,73.01,73.55,579506
TM,2011-08-12,74.4,75.04,74.1,74.46,642798
TM,2011-08-15,76.12,76.2,75.26,75.56,316507
TM,2011-08-16,75.42,76.01,74.73,75.23,252717
TM,2011-08-17,74.68,75.3,74.38,75.06,224826
TM,2011-08-18,71.57,72.47,70.9,72.47,874884
TM,2011-08-19,70.7,72.44,70.33,71.71,1552609
TM,2011-08-22,70.54,71.66,70.05,71.56,935879
TM,2011-08-23,72.88,72.88,71.11,71.63,442129
TM,2011-08-24,72.08,72.19,71.17,71.29,692217
TM,2011-08-25,71.27,72.78,70.94,72.44,461339
TM,2011-08-26,71.65,72.27,70.586,71.26,415312
TM,2011-08-29,72.1,72.36,71.21,71.35,727279
TM,2011-08-30,70.94,71.309,70.46,70.9,779840
TM,2011-08-31,71.84,72.2,71.2902,71.6301,729830
TM,2011-09-01,71.17,72.17,71.06,71.6,472573
TM,2011-09-02,69.34,70.22,69.03,70.11,763889
TM,2011-09-05,69.34,70.22,69.03,70.11,0
TM,2011-09-06,68.27,68.48,67.63,67.84,956982
TM,2011-09-07,69.85,69.99,69.28,69.71,722129
TM,2011-09-08,69.37,70.14,69.07,69.6,491968
TM,2011-09-09,67.8,68.63,67.56,68.41,496469
TM,2011-09-12,68.17,68.24,67.05,67.23,536687
TM,2011-09-13,69.05,69.14,68.36,68.64,425926
TM,2011-09-14,69.57,70.218,68.58,69.45,393105
TM,2011-09-15,71.21,71.24,70.15,70.52,422552
TM,2011-09-16,70.81,71.55,70.42,71.49,280283
TM,2011-09-19,70.84,71.01,69.41,69.86,476639
TM,2011-09-20,70.43,71.36,70.31,70.75,618535
TM,2011-09-21,68.3,70.31,68.2,70.11,413982
TM,2011-09-22,66.97,68.02,66.34,67.4,571196
TM,2011-09-23,67.85,67.9,66.84,67.19,353624
TM,2011-09-26,68.77,68.8,67.57,68.37,571052
TM,2011-09-27,68.8,69.91,68.46,69.78,613698
TM,2011-09-28,69.14,70.47,69.01,69.69,471374
TM,2011-09-29,70.21,70.91,69.08,70.51,375451
TM,2011-09-30,68.26,69.3699,68.25,68.97,591289
TM,2011-10-03,66.97,69.09,66.69,68.22,547355
TM,2011-10-04,67.21,67.21,65.3,66.12,812154
TM,2011-10-05,66.69,66.97,65.34,65.57,565162
TM,2011-10-06,67.2,67.32,66.27,66.45,424087
TM,2011-10-07,66.13,67.2,66.08,67.15,582652
TM,2011-10-10,68.0,68.09,67.1,67.2,341790
TM,2011-10-11,67.31,67.71,67.02,67.19,363396
TM,2011-10-12,67.8,68.32,67.34,67.75,500830
TM,2011-10-13,67.7,67.82,67.15,67.53,507973
TM,2011-10-14,67.46,67.63,67.07,67.34,421722
TM,2011-10-17,67.32,67.95,67.2,67.52,320594
TM,2011-10-18,68.12,68.72,66.98,67.16,374304
TM,2011-10-19,67.34,67.868,67.04,67.77,348246
TM,2011-10-20,66.79,67.17,66.16,67.01,664893
TM,2011-10-21,67.61,67.76,67.02,67.2,437336
TM,2011-10-24,68.03,68.26,67.37,67.37,369479
TM,2011-10-25,66.32,67.18,66.15,66.8,518432
TM,2011-10-26,66.89,67.18,66.45,67.18,633279
TM,2011-10-27,69.48,69.76,68.3,68.33,780970
TM,2011-10-28,69.66,69.8097,68.93,69.21,577853
TM,2011-10-31,66.71,67.36,66.7,67.2,702342
TM,2011-11-01,65.26,65.98,65.14,65.31,861981
TM,2011-11-02,64.84,65.6,64.7,64.87,825462
TM,2011-11-03,65.39,65.49,64.51,65.26,685099
TM,2011-11-04,65.18,65.39,64.8,65.19,363038
TM,2011-11-07,65.48,65.49,64.87,65.31,331800
TM,2011-11-08,64.61,64.8,63.53,63.53,772132
TM,2011-11-09,64.01,64.57,63.8,64.22,799198
TM,2011-11-10,64.45,64.73,64.05,64.73,382933
TM,2011-11-11,64.12,64.2,63.67,63.8,629773
TM,2011-11-14,64.31,64.56,64.05,64.23,504621
TM,2011-11-15,63.94,64.22,63.6,64.0,376439
TM,2011-11-16,63.54,64.46,63.45,64.46,552959
TM,2011-11-17,64.33,64.7799,63.88,64.54,741476
TM,2011-11-18,63.56,64.17,63.43,64.03,519310
TM,2011-11-21,61.19,61.94,61.0,61.76,749280
TM,2011-11-22,61.94,62.31,61.41,61.41,516101
TM,2011-11-23,60.39,61.45,60.37,61.45,645877
TM,2011-11-24,60.39,60.39,60.39,60.39,0
TM,2011-11-25,62.11,62.92,61.94,62.15,385959
TM,2011-11-28,64.17,64.41,63.9,64.12,620437
TM,2011-11-29,64.39,64.74,64.09,64.48,507590
TM,2011-11-30,65.91,66.38,65.47,65.61,834399
TM,2011-12-01,65.72,66.2,65.5,65.57,449854
TM,2011-12-02,66.22,66.86,66.11,66.68,461164
TM,2011-12-05,68.05,68.18,67.58,68.03,905681
TM,2011-12-06,67.11,67.55,66.83,67.26,593837
TM,2011-12-07,68.45,68.66,67.57,68.11,671350
TM,2011-12-08,67.13,68.1672,67.0,68.03,413076
TM,2011-12-09,68.2,68.64,66.47,66.48,736399
TM,2011-12-12,66.49,67.14,66.15,67.14,446219
TM,2011-12-13,65.64,67.0,65.26,66.61,578382
TM,2011-12-14,65.22,65.62,64.9,65.31,549282
TM,2011-12-15,65.37,65.76,65.21,65.53,323710
TM,2011-12-16,63.7,64.28,63.5,64.09,602428
TM,2011-12-19,63.31,64.29,63.27,63.95,354555
TM,2011-12-20,64.49,64.58,63.94,64.58,374676
TM,2011-12-21,64.25,64.37,63.84,64.14,308001
TM,2011-12-22,64.5,64.72,64.06,64.34,403914
TM,2011-12-23,64.95,65.0,64.56,64.93,280955
TM,2011-12-26,64.95,64.95,64.95,64.95,0
TM,2011-12-27,64.36,64.7,64.26,64.7,245028
TM,2011-12-28,64.25,64.95,64.05,64.81,386019
TM,2011-12-29,65.26,65.3,64.54,64.59,350902
TM,2011-12-30,66.13,66.42,65.71,65.86,373097
TM,2012-01-02,66.13,66.13,66.13,66.13,0
TM,2012-01-03,67.78,67.9,67.31,67.39,377247
TM,2012-01-04,68.43,68.68,68.07,68.23,501536
TM,2012-01-05,68.62,68.8293,68.37,68.5,343628
TM,2012-01-06,68.51,68.6,68.22,68.52,211911
TM,2012-01-09,68.42,68.71,68.22,68.5,301623
TM,2012-01-10,68.67,68.91,68.44,68.51,352797
TM,2012-01-11,68.6,68.68,67.86,68.2,258700
TM,2012-01-12,68.14,68.31,67.8801,68.07,513321
TM,2012-01-13,68.26,68.45,68.0,68.07,223141
TM,2012-01-16,68.26,68.26,68.26,68.26,0
TM,2012-01-17,67.64,68.02,67.6102,67.93,459126
TM,2012-01-18,67.85,68.03,67.27,67.58,906492
TM,2012-01-19,69.09,69.29,68.56,68.59,934295
TM,2012-01-20,71.4,71.42,70.3,70.37,704012
TM,2012-01-23,71.15,71.59,71.0,71.23,642932
TM,2012-01-24,72.33,72.4,71.5,72.01,636237
TM,2012-01-25,74.22,74.39,72.8842,73.21,1152516
TM,2012-01-26,74.59,74.88,74.39,74.77,838288
TM,2012-01-27,73.57,74.21,73.4,73.89,426908
TM,2012-01-30,73.11,73.33,72.47,72.93,263025
TM,2012-01-31,73.48,74.0,73.19,73.74,313145
TM,2012-02-01,75.2,75.45,74.91,74.91,502814
TM,2012-02-02,76.23,76.38,75.91,76.14,516298
TM,2012-02-03,76.47,76.77,76.27,76.46,501290
TM,2012-02-06,77.71,78.08,77.4,77.58,663766
TM,2012-02-07,79.61,80.0,79.0,79.48,1044286
TM,2012-02-08,81.05,81.15,80.64,81.06,1049308
TM,2012-02-09,80.88,81.5,80.61,81.34,705053
TM,2012-02-10,78.39,79.04,78.16,78.94,707716
TM,2012-02-13,78.91,79.1633,78.78,78.8,382870
TM,2012-02-14,80.0,80.0,79.57,79.87,575486
TM,2012-02-15,82.56,83.09,82.38,82.905,957521
TM,2012-02-16,83.65,83.72,82.84,83.01,1604749
TM,2012-02-17,83.36,83.8,83.12,83.75,305514
TM,2012-02-20,83.36,83.36,83.36,83.36,0
TM,2012-02-21,83.22,83.49,82.86,83.17,383838
TM,2012-02-22,84.31,84.36,83.93,83.98,498862
TM,2012-02-23,84.07,84.11,83.3601,83.88,360675
TM,2012-02-24,84.54,84.9,84.21,84.21,567545
TM,2012-02-27,83.6,83.85,82.77,82.99,387760
TM,2012-02-28,84.65,84.81,84.1,84.235,370294
TM,2012-02-29,82.71,83.93,82.68,83.63,505349
TM,2012-03-01,83.07,83.38,82.5109,82.57,547179
TM,2012-03-02,81.57,81.59,80.83,81.41,836525
TM,2012-03-05,81.24,81.45,80.89,81.38,524267
TM,2012-03-06,80.15,80.32,79.695,80.31,611637
TM,2012-03-07,80.72,80.81,80.27,80.43,341447
TM,2012-03-08,82.52,82.55,82.06,82.18,454329
TM,2012-03-09,83.81,83.94,83.34,83.45,502974
TM,2012-03-12,82.78,83.175,82.61,83.175,271336
TM,2012-03-13,83.97,83.99,83.09,83.1,307973
TM,2012-03-14,83.54,84.2,83.31,84.06,344688
TM,2012-03-15,85.34,85.43,84.7901,85.1,591235
TM,2012-03-16,85.4,85.85,85.34,85.77,368183
TM,2012-03-19,85.24,85.285,84.79,85.2,316026
TM,2012-03-20,84.66,84.86,84.1,84.43,303727
TM,2012-03-21,83.96,84.23,83.79,84.07,283480
TM,2012-03-22,84.43,84.72,83.96,83.97,516879
TM,2012-03-23,83.76,83.76,82.97,83.36,437466
TM,2012-03-26,84.35,84.59,83.8,84.19,559696
TM,2012-03-27,85.64,86.0,85.4,85.86,487523
TM,2012-03-28,86.7,87.14,86.211,87.1,731436
TM,2012-03-29,86.06,86.17,85.44,85.8,375940
TM,2012-03-30,86.82,87.15,86.54,87.12,270355
TM,2012-04-02,86.69,86.98,85.63,85.66,554776
TM,2012-04-03,86.22,86.77,85.74,86.66,437344
TM,2012-04-04,83.6,83.85,82.97,83.77,626915
TM,2012-04-05,83.86,83.9299,83.22,83.3,329781
TM,2012-04-06,83.86,83.86,83.86,83.86,0
TM,2012-04-09,81.7,82.03,81.4,81.61,440470
TM,2012-04-10,80.94,82.42,80.69,81.96,745282
TM,2012-04-11,82.51,82.59,81.76,82.42,479616
TM,2012-04-12,83.01,83.11,82.02,82.17,331135
TM,2012-04-13,81.42,81.9,81.07,81.88,448200
TM,2012-04-16,81.24,81.85,81.04,81.8,267674
TM,2012-04-17,81.44,81.9592,80.94,81.11,338913
TM,2012-04-18,81.55,81.84,81.21,81.31,396212
TM,2012-04-19,81.79,82.74,81.66,82.46,413473
TM,2012-04-20,80.54,81.18,80.5,81.02,620859
TM,2012-04-23,79.43,79.54,78.91,79.42,634466
TM,2012-04-24,80.73,81.08,80.471,80.78,354898
TM,2012-04-25,81.36,81.4,80.88,80.99,330706
TM,2012-04-26,81.83,82.01,80.94,80.94,199892
TM,2012-04-27,82.29,82.49,81.87,82.08,270467
TM,2012-04-30,81.78,82.05,81.37,82.05,356957
TM,2012-05-01,80.15,80.56,79.54,79.54,545720
TM,2012-05-02,79.85,80.09,79.34,79.6,317442
TM,2012-05-03,79.22,79.83,79.18,79.81,389495
TM,2012-05-04,78.63,78.83,78.39,78.77,595395
TM,2012-05-07,78.69,78.85,78.06,78.24,252336
TM,2012-05-08,78.17,78.29,77.4,78.1,437714
TM,2012-05-09,80.55,80.99,78.87,79.18,791274
TM,2012-05-10,79.73,80.38,79.68,80.26,478073
TM,2012-05-11,80.71,81.6,80.65,81.04,448893
TM,2012-05-14,79.7,80.2,79.59,79.99,385843
TM,2012-05-15,78.3,78.94,78.15,78.92,429899
TM,2012-05-16,76.72,77.7,76.62,77.4,563061
TM,2012-05-17,77.21,77.82,77.14,77.52,883577
TM,2012-05-18,76.06,77.01,75.87,76.85,365859
TM,2012-05-21,76.7,76.79,75.74,75.77,571018
TM,2012-05-22,77.22,77.93,76.85,77.42,282020
TM,2012-05-23,77.25,77.28,76.27,77.18,240863
TM,2012-05-24,77.2,77.49,76.74,77.25,358753
TM,2012-05-25,76.8,77.14,76.61,77.02,199585
TM,2012-05-28,76.8,76.8,76.8,76.8,0
TM,2012-05-29,77.05,77.65,76.7,77.09,435012
TM,2012-05-30,76.34,76.88,76.28,76.56,489600
TM,2012-05-31,76.89,77.24,76.432,76.89,294779
TM,2012-06-01,74.81,76.16,74.7501,75.85,574877
TM,2012-06-04,74.62,74.75,73.9,74.73,584335
TM,2012-06-05,75.01,75.22,74.44,74.56,247458
TM,2012-06-06,76.87,76.89,76.0,76.02,397204
TM,2012-06-07,76.83,77.65,76.68,77.52,225437
TM,2012-06-08,76.51,76.59,75.66,76.02,271277
TM,2012-06-11,75.59,76.83,75.57,76.78,282106
TM,2012-06-12,76.49,76.57,75.75,76.2,140892
TM,2012-06-13,76.14,76.6999,75.946,76.42,259577
TM,2012-06-14,76.03,76.16,75.48,75.83,223204
TM,2012-06-15,76.5,76.58,75.91,76.01,178904
TM,2012-06-18,76.85,77.18,76.5,76.53,407788
TM,2012-06-19,76.89,77.25,76.5601,76.72,214902
TM,2012-06-20,77.38,77.44,76.7375,77.19,271172
TM,2012-06-21,76.26,77.97,76.2,77.82,299719
TM,2012-06-22,76.8,77.0,76.39,76.99,188696
TM,2012-06-25,76.09,76.56,75.78,76.49,395915
TM,2012-06-26,76.3,76.49,75.85,76.44,515136
TM,2012-06-27,76.28,76.4,76.1,76.25,415036
TM,2012-06-28,78.04,78.114,77.2428,77.62,341409
TM,2012-06-29,80.48,80.5,79.81,80.27,796951
TM,2012-07-02,80.18,80.35,79.6,80.34,270611
TM,2012-07-03,80.88,81.12,80.53,80.64,174628
TM,2012-07-04,80.88,80.88,80.88,80.88,0
TM,2012-07-05,80.62,80.78,80.2705,80.58,235147
TM,2012-07-06,80.14,80.38,79.71,80.08,162214
TM,2012-07-09,79.34,79.35,78.77,79.2,158592
TM,2012-07-10,77.59,78.48,77.31,78.48,283990
TM,2012-07-11,77.36,77.73,76.99,77.5,179893
TM,2012-07-12,75.91,76.2,75.43,76.08,397078
TM,2012-07-13,76.55,76.68,75.72,75.72,166394
TM,2012-07-16,76.23,76.45,76.03,76.2,158902
TM,2012-07-17,75.88,76.07,75.41,75.93,184460
TM,2012-07-18,76.48,76.67,75.88,75.9,240273
TM,2012-07-19,76.75,77.08,76.63,76.68,148008
TM,2012-07-20,75.13,75.61,75.112,75.4,252608
TM,2012-07-23,74.23,74.45,73.76,74.31,208105
TM,2012-07-24,72.98,73.51,72.56,73.47,338599
TM,2012-07-25,72.51,72.7999,72.04,72.49,226307
TM,2012-07-26,74.11,74.25,73.67,73.86,211705
TM,2012-07-27,76.09,76.25,75.03,75.31,283722
TM,2012-07-30,75.47,75.61,75.17,75.39,187456
TM,2012-07-31,76.51,77.07,76.47,77.04,1462118
TM,2012-08-01,76.71,77.32,76.5,77.08,1176572
TM,2012-08-02,77.03,77.19,76.22,76.8,1199471
TM,2012-08-03,81.06,81.325,79.86,80.14,1725359
TM,2012-08-06,80.75,81.11,79.8,80.31,1414944
TM,2012-08-07,81.69,82.0,81.63,81.97,322283
TM,2012-08-08,80.94,81.15,80.379,80.46,461038
TM,2012-08-09,81.56,81.81,81.26,81.31,206726
TM,2012-08-10,81.49,81.55,80.5,80.58,257820
TM,2012-08-13,80.99,81.4,80.91,81.05,264229
TM,2012-08-14,80.34,80.63,80.15,80.5,295529
TM,2012-08-15,80.21,80.46,80.036,80.12,191391
TM,2012-08-16,82.31,82.46,81.62,81.82,332059
TM,2012-08-17,82.57,82.83,82.38,82.72,189643
TM,2012-08-20,81.67,82.03,81.6,82.0,185243
TM,2012-08-21,81.9,82.74,81.75,82.54,354971
TM,2012-08-22,82.46,82.69,82.03,82.23,513536
TM,2012-08-23,82.06,82.64,81.84,82.54,275835
TM,2012-08-24,82.48,82.5333,81.75,81.84,150179
TM,2012-08-27,81.59,82.0,81.53,82.0,136406
TM,2012-08-28,80.89,81.12,80.7,80.8,215291
TM,2012-08-29,81.0,81.1,80.68,80.9,211139
TM,2012-08-30,80.23,80.63,80.02,80.62,177018
TM,2012-08-31,79.62,79.8983,79.01,79.57,299954
TM,2012-09-03,79.62,79.62,79.62,79.62,0
TM,2012-09-04,78.73,79.05,78.4,78.7,378893
TM,2012-09-05,78.44,78.58,78.01,78.09,467740
TM,2012-09-06,80.32,80.37,79.37,79.37,351683
TM,2012-09-07,81.67,81.74,80.72,80.81,420415
TM,2012-09-10,81.69,82.24,81.63,82.19,251639
TM,2012-09-11,81.3,81.52,81.11,81.19,339464
TM,2012-09-12,82.07,82.42,81.79,82.28,267968
TM,2012-09-13,82.94,83.04,81.22,81.39,377861
TM,2012-09-14,83.18,83.735,83.05,83.17,349849
TM,2012-09-17,81.41,82.79,81.4,82.76,411995
TM,2012-09-18,81.42,81.56,81.14,81.26,395159
TM,2012-09-19,82.18,82.69,82.07,82.17,314787
TM,2012-09-20,81.94,82.05,81.49,81.88,227792
TM,2012-09-21,81.5,82.15,81.5,82.08,121256
TM,2012-09-24,80.5,80.55,80.05,80.34,341092
TM,2012-09-25,80.48,81.45,80.42,81.28,549465
TM,2012-09-26,78.67,79.54,78.54,79.48,576356
TM,2012-09-27,80.25,80.33,79.66,80.0,484360
TM,2012-09-28,78.51,78.55,78.06,78.2,646234
TM,2012-10-01,77.07,77.6,76.88,77.12,578397
TM,2012-10-02,76.85,77.15,76.5681,77.0,394416
TM,2012-10-03,77.09,77.3,76.7316,76.95,246333
TM,2012-10-04,78.98,79.07,78.69,78.72,305825
TM,2012-10-05,77.7,78.2003,77.59,77.96,312577
TM,2012-10-08,77.34,77.56,77.166,77.42,145706
TM,2012-10-09,76.06,76.48,75.785,76.44,294863
TM,2012-10-10,74.5,75.28,74.27,75.24,554789
TM,2012-10-11,74.85,75.22,74.79,74.79,369571
TM,2012-10-12,74.67,75.33,74.52,75.17,197523
TM,2012-10-15,76.21,76.34,75.83,76.25,341088
TM,2012-10-16,77.32,77.3789,76.75,76.76,319066
TM,2012-10-17,77.99,78.01,77.65,77.94,278856
TM,2012-10-18,78.51,78.74,78.22,78.69,840367
TM,2012-10-19,77.83,78.5,77.56,78.43,310441
TM,2012-10-22,78.97,79.14,78.32,78.91,484408
TM,2012-10-23,77.68,77.85,77.36,77.82,282595
TM,2012-10-24,77.37,77.9,77.21,77.78,198184
TM,2012-10-25,78.45,78.8,78.02,78.56,526349
TM,2012-10-26,77.36,77.62,76.856,77.3,195026
TM,2012-10-29,77.36,77.36,77.36,77.36,0
TM,2012-10-30,77.36,77.36,77.36,77.36,0
TM,2012-10-31,77.47,77.75,76.96,76.96,291066
TM,2012-11-01,78.05,78.12,77.3717,77.6,186112
TM,2012-11-02,77.8,78.5,77.7,78.46,157149
TM,2012-11-05,81.35,81.42,79.59,80.31,681707
TM,2012-11-06,81.24,81.44,80.94,81.17,324900
TM,2012-11-07,79.68,80.5,79.48,80.48,279750
TM,2012-11-08,78.35,79.2,78.26,79.03,223329
TM,2012-11-09,78.65,79.05,78.45,78.6,172538
TM,2012-11-12,77.7,78.0199,77.69,77.79,157659
TM,2012-11-13,77.87,78.16,77.33,77.51,182171
TM,2012-11-14,76.41,77.35,76.17,76.97,381275
TM,2012-11-15,80.26,80.32,79.36,79.46,739589
TM,2012-11-16,82.09,82.28,81.36,82.11,522255
TM,2012-11-19,83.31,83.32,82.86,82.96,361870
TM,2012-11-20,82.87,83.05,82.45,82.56,229141
TM,2012-11-21,84.43,84.43,83.84,84.02,285210
TM,2012-11-22,84.43,84.43,84.43,84.43,0
TM,2012-11-23,85.61,85.69,85.12,85.27,352887
TM,2012-11-26,86.73,86.84,86.23,86.58,438427
TM,2012-11-27,85.24,85.8,85.12,85.72,249468
TM,2012-11-28,85.11,85.23,83.801,84.45,302109
TM,2012-11-29,86.51,86.65,85.55,85.6,300553
TM,2012-11-30,86.08,86.2185,85.85,85.94,273555
TM,2012-12-03,85.66,86.07,85.52,85.62,334475
TM,2012-12-04,85.52,85.97,85.4601,85.5,245500
TM,2012-12-05,85.27,85.55,84.95,85.06,252452
TM,2012-12-06,85.66,85.66,85.28,85.46,170253
TM,2012-12-07,86.1,86.2,85.54,85.73,252353
TM,2012-12-10,85.92,86.05,85.56,85.6,250290
TM,2012-12-11,86.05,86.37,85.73,85.8,272859
TM,2012-12-12,86.78,87.0,86.24,86.24,328681
TM,2012-12-13,85.88,86.0,85.0,85.92,359565
TM,2012-12-14,85.92,86.0,85.67,85.68,167942
TM,2012-12-17,86.59,86.59,85.86,85.86,168165
TM,2012-12-18,89.25,89.33,87.7,88.02,612481
TM,2012-12-19,90.75,91.41,90.61,91.36,561431
TM,2012-12-20,92.63,92.69,91.82,92.32,754745
TM,2012-12-21,90.77,91.01,90.18,90.45,533202
TM,2012-12-24,91.18,91.38,90.81,90.9,163560
TM,2012-12-25,91.18,91.18,91.18,91.18,0
TM,2012-12-26,90.36,90.97,90.151,90.53,586330
TM,2012-12-27,92.54,92.61,91.31,91.72,684784
TM,2012-12-28,92.07,92.45,91.87,92.29,509023
TM,2012-12-31,93.25,93.3648,92.04,92.04,521590
TM,2013-01-01,93.25,93.25,93.25,93.25,0
TM,2013-01-02,95.99,95.99,94.78,94.78,535638
TM,2013-01-03,95.37,96.1259,95.121,95.3699,540625
TM,2013-01-04,97.34,97.55,96.4,96.78,743764
TM,2013-01-07,95.53,95.84,94.39,95.35,325780
TM,2013-01-08,93.93,94.28,93.2,93.97,501032
TM,2013-01-09,95.66,95.66,95.01,95.09,379264
TM,2013-01-10,96.86,97.1075,96.05,96.28,454395
TM,2013-01-11,96.11,96.49,95.99,95.99,495017
TM,2013-01-14,96.8,97.03,96.415,96.58,602758
TM,2013-01-15,96.43,96.57,95.3,95.58,1054749
TM,2013-01-16,94.64,95.49,94.2,94.33,700363
TM,2013-01-17,96.78,97.17,95.59,95.96,744763
TM,2013-01-18,95.89,96.01,95.46,95.97,517552
TM,2013-01-21,95.89,95.89,95.89,95.89,0
TM,2013-01-22,94.83,94.945,94.15,94.37,558732
TM,2013-01-23,94.45,94.59,94.14,94.2,422828
TM,2013-01-24,95.74,96.145,94.99,94.99,521885
TM,2013-01-25,96.1,96.48,95.918,96.45,372821
TM,2013-01-28,94.78,95.2,94.5101,95.2,416462
TM,2013-01-29,95.6,95.84,95.18,95.27,370400
TM,2013-01-30,95.6,96.3135,95.55,96.12,256760
TM,2013-01-31,95.37,95.65,95.11,95.6,333274
TM,2013-02-01,98.13,98.27,97.19,97.24,534947
TM,2013-02-04,97.83,98.62,97.63,98.44,652145
TM,2013-02-05,98.86,99.67,98.2,99.51,723791
TM,2013-02-06,102.8,102.8,101.46,101.75,1111045
TM,2013-02-07,102.8,103.6,102.4,103.32,685153
TM,2013-02-08,104.45,104.9,104.04,104.6,779596
TM,2013-02-11,105.93,106.0,105.08,105.08,710008
TM,2013-02-12,104.83,105.22,104.66,105.1,455287
TM,2013-02-13,104.21,104.92,104.02,104.67,856681
TM,2013-02-14,102.64,103.5,102.58,103.0,536169
TM,2013-02-15,102.6,103.1,102.42,102.96,478633
TM,2013-02-18,102.6,102.6,102.6,102.6,0
TM,2013-02-19,102.52,102.69,101.6,101.77,753262
TM,2013-02-20,102.59,103.99,102.54,103.79,602097
TM,2013-02-21,101.1,101.91,100.33,101.76,610150
TM,2013-02-22,102.34,102.34,101.46,102.03,694387
TM,2013-02-25,99.42,102.48,99.34,102.13,698474
TM,2013-02-26,102.46,102.78,101.5,102.25,845888
TM,2013-02-27,101.61,101.804,100.31,100.49,434559
TM,2013-02-28,102.6,103.08,102.07,102.885,538821
TM,2013-03-01,102.69,102.959,102.0,102.33,925792
TM,2013-03-04,102.44,102.46,101.48,102.01,244876
TM,2013-03-05,103.3,103.8,102.54,102.73,2210163
TM,2013-03-06,104.45,104.62,103.72,104.23,606390
TM,2013-03-07,103.26,103.83,103.1,103.2,399210
TM,2013-03-08,103.69,104.0,103.0,103.42,420646
TM,2013-03-11,104.19,104.19,103.73,103.9,174293
TM,2013-03-12,102.76,103.4399,102.54,102.94,398437
TM,2013-03-13,102.95,103.25,102.53,102.66,180411
TM,2013-03-14,103.54,103.64,103.04,103.07,196520
TM,2013-03-15,103.93,104.2,103.51,104.14,285537
TM,2013-03-18,102.87,103.62,102.7,103.43,481464
TM,2013-03-19,103.15,104.0,102.6001,103.69,242370
TM,2013-03-20,104.28,104.64,103.4,103.4,308732
TM,2013-03-21,103.53,104.3,103.25,104.3,342070
TM,2013-03-22,103.99,104.05,103.61,103.68,176598
TM,2013-03-25,103.31,104.29,102.5,104.27,295703
TM,2013-03-26,103.6,103.96,103.13,103.84,277893
TM,2013-03-27,103.1,103.196,102.43,102.62,657695
TM,2013-03-28,102.64,102.68,102.2,102.64,327121
TM,2013-03-29,102.64,102.64,102.64,102.64,0
TM,2013-04-01,101.22,101.89,100.88,101.88,335293
TM,2013-04-02,99.95,100.36,99.7,99.82,498808
TM,2013-04-03,100.88,102.59,100.66,102.49,559726
TM,2013-04-04,105.63,105.89,104.82,105.24,1712247
TM,2013-04-05,106.5,106.72,104.96,105.28,1578523
TM,2013-04-08,108.71,108.74,107.17,107.5,1075667
TM,2013-04-09,107.52,107.95,106.8401,107.15,686451
TM,2013-04-10,108.78,108.98,108.39,108.65,593567
TM,2013-04-11,113.28,113.6399,111.82,112.5,2011028
TM,2013-04-12,113.1,113.62,112.0,113.26,580802
TM,2013-04-15,111.09,113.0,111.0,112.29,567690
TM,2013-04-16,112.51,112.8299,112.07,112.48,327457
TM,2013-04-17,111.66,112.9199,111.34,112.74,646890
TM,2013-04-18,110.55,111.32,110.3884,111.32,312153
TM,2013-04-19,112.26,112.4,111.23,111.69,372298
TM,2013-04-22,112.23,112.6899,111.28,111.56,773536
TM,2013-04-23,112.94,113.17,112.13,112.22,705462
TM,2013-04-24,113.69,114.29,113.183,113.44,622157
TM,2013-04-25,115.84,116.29,114.58,115.28,544865
TM,2013-04-26,115.48,115.9224,115.09,115.35,387604
TM,2013-04-29,116.54,116.815,115.7901,115.96,172883
TM,2013-04-30,116.3,116.3899,115.82,115.91,334627
TM,2013-05-01,113.72,114.75,113.68,114.27,639002
TM,2013-05-02,114.38,114.74,112.84,113.09,460979
TM,2013-05-03,114.92,115.41,114.85,114.95,437546
TM,2013-05-06,115.03,115.25,114.84,115.0,242008
TM,2013-05-07,116.08,117.57,115.96,116.52,560411
TM,2013-05-08,119.7,119.75,116.56,117.74,946743
TM,2013-05-09,118.14,118.68,117.16,117.47,1062474
TM,2013-05-10,121.28,121.38,119.59,119.81,1370714
TM,2013-05-13,124.83,124.85,123.0801,123.28,1253830
TM,2013-05-14,124.15,124.38,122.5,122.97,1332707
TM,2013-05-15,126.6,126.6,125.38,125.61,808170
TM,2013-05-16,125.12,126.24,124.88,126.0,571879
TM,2013-05-17,127.32,127.47,126.28,126.32,605570
TM,2013-05-20,128.65,128.98,128.1,128.15,667525
TM,2013-05-21,129.72,129.98,129.124,129.69,513511
TM,2013-05-22,127.84,130.99,127.51,130.0,917613
TM,2013-05-23,124.66,124.98,119.89,122.48,1492509
TM,2013-05-24,120.53,121.76,119.54,121.0,1252339
TM,2013-05-27,120.53,120.53,120.53,120.53,0
TM,2013-05-28,123.18,124.42,122.75,122.78,659098
TM,2013-05-29,119.57,120.4,118.71,120.3,932270
TM,2013-05-30,120.46,121.16,120.21,120.32,558688
TM,2013-05-31,117.55,119.475,117.49,118.43,657000
TM,2013-06-03,116.21,116.35,113.64,115.58,1246692
TM,2013-06-04,118.26,118.89,117.09,118.31,618791
TM,2013-06-05,114.87,116.02,114.54,115.26,516538
TM,2013-06-06,114.48,114.5,112.28,113.52,695631
TM,2013-06-07,117.06,117.54,113.59,114.47,1392646
TM,2013-06-10,121.15,121.83,120.41,121.68,858428
TM,2013-06-11,119.92,121.269,119.27,120.34,862255
TM,2013-06-12,119.13,121.33,118.37,120.96,595620
TM,2013-06-13,121.3,121.35,119.01,119.17,450166
TM,2013-06-14,117.38,119.259,116.79,118.6872,591485
TM,2013-06-17,120.38,120.89,119.5345,120.05,586163
TM,2013-06-18,122.29,122.94,121.9,122.44,721263
TM,2013-06-19,120.78,123.1763,120.71,122.7,616456
TM,2013-06-20,117.06,119.14,116.57,118.97,749691
TM,2013-06-21,119.55,119.76,117.6,119.38,765443
TM,2013-06-24,116.53,117.67,115.28,117.35,653559
TM,2013-06-25,117.29,117.79,116.634,117.45,320123
TM,2013-06-26,118.06,118.1,116.92,117.83,545173
TM,2013-06-27,121.74,122.04,120.429,120.7,641924
TM,2013-06-28,120.66,121.67,120.36,121.31,466062
TM,2013-07-01,123.02,123.43,121.26,122.39,604064
TM,2013-07-02,124.47,125.3345,123.88,124.7,620240
TM,2013-07-03,124.52,124.52,123.12,123.51,170965
TM,2013-07-04,124.52,124.52,124.52,124.52,0
TM,2013-07-05,125.27,125.98,124.35,125.92,335535
TM,2013-07-08,124.9,125.2,124.36,124.88,324332
TM,2013-07-09,126.2,126.66,125.48,126.66,454613
TM,2013-07-10,126.77,127.01,126.26,126.73,290855
TM,2013-07-11,129.29,129.42,128.27,128.53,346392
TM,2013-07-12,129.69,129.69,129.07,129.22,297482
TM,2013-07-15,129.64,129.99,129.2,129.99,241801
TM,2013-07-16,128.91,129.459,128.08,129.38,636455
TM,2013-07-17,130.84,131.5,129.71,130.81,634151
TM,2013-07-18,130.8,131.13,129.78,130.03,479955
TM,2013-07-19,130.36,130.54,129.78,130.0,359227
TM,2013-07-22,130.3,130.7799,130.0,130.0,301720
TM,2013-07-23,129.48,130.35,129.05,130.35,315462
TM,2013-07-24,128.43,129.39,128.071,129.36,300026
TM,2013-07-25,127.55,127.68,126.301,126.88,302204
TM,2013-07-26,124.49,124.56,122.92,124.56,616729
TM,2013-07-29,120.25,121.34,120.11,120.82,650946
TM,2013-07-30,122.59,123.34,122.351,123.01,438129
TM,2013-07-31,121.9,122.46,121.24,122.21,363695
TM,2013-08-01,126.24,126.87,125.9,126.25,623545
TM,2013-08-02,134.33,134.9434,129.0501,129.82,1166624
TM,2013-08-05,129.51,129.97,128.16,129.17,792632
TM,2013-08-06,129.7,130.03,129.1006,129.68,495050
TM,2013-08-07,127.56,129.05,127.5,128.51,593436
TM,2013-08-08,128.03,128.4778,127.135,127.99,381734
TM,2013-08-09,127.57,128.73,127.3,128.5,318687
TM,2013-08-12,128.32,128.5,127.73,128.5,294387
TM,2013-08-13,130.2,130.55,128.4601,128.73,296337
TM,2013-08-14,129.27,129.97,129.04,129.73,136718
TM,2013-08-15,127.45,128.96,127.0,128.95,335419
TM,2013-08-16,128.88,129.61,128.39,128.6,282720
TM,2013-08-19,128.2,129.13,127.888,128.88,196098
TM,2013-08-20,126.77,127.19,125.94,126.29,299946
TM,2013-08-21,122.86,124.5,122.54,124.2,437348
TM,2013-08-22,124.77,125.11,124.16,124.31,184580
TM,2013-08-23,127.01,127.64,126.0301,127.64,204350
TM,2013-08-26,125.19,126.37,124.98,126.27,182884
TM,2013-08-27,124.04,124.9795,123.72,124.63,331136
TM,2013-08-28,123.91,124.65,123.28,123.81,173693
TM,2013-08-29,123.89,124.98,123.63,123.76,239513
TM,2013-08-30,120.79,121.52,120.62,121.2,396547
TM,2013-09-02,120.79,120.79,120.79,120.79,0
TM,2013-09-03,124.3,125.26,123.7201,124.0,575215
TM,2013-09-04,125.84,126.48,124.0,124.21,410545
TM,2013-09-05,125.64,125.99,124.61,124.77,315341
TM,2013-09-06,125.55,126.47,124.34,125.96,307186
TM,2013-09-09,126.8,126.88,125.55,125.62,258268
TM,2013-09-10,127.38,127.67,126.845,127.0,395568
TM,2013-09-11,127.56,127.75,126.3,126.42,265592
TM,2013-09-12,125.91,126.53,125.511,126.06,328183
TM,2013-09-13,126.8,126.9,125.8251,126.11,219281
TM,2013-09-16,127.75,128.47,127.49,128.0,163712
TM,2013-09-17,126.78,127.27,126.1,126.39,286610
TM,2013-09-18,130.93,131.17,127.32,127.49,594235
TM,2013-09-19,130.2,130.86,129.77,130.56,629549
TM,2013-09-20,129.45,130.71,129.24,130.4,407968
TM,2013-09-23,129.78,129.95,128.84,129.41,296273
TM,2013-09-24,130.56,131.3536,129.9301,130.62,221619
TM,2013-09-25,129.85,130.4,129.5,130.2,260897
TM,2013-09-26,131.98,132.34,130.76,130.87,247737
TM,2013-09-27,130.26,130.7899,129.86,129.91,179558
TM,2013-09-30,128.03,128.24,126.55,127.49,358532
TM,2013-10-01,127.32,128.47,126.73,128.03,305661
TM,2013-10-02,127.66,127.93,126.13,127.08,225016
TM,2013-10-03,127.75,128.5,126.9,128.5,176984
TM,2013-10-04,128.01,128.2799,127.02,127.47,155363
TM,2013-10-07,125.34,126.34,125.26,125.46,289609
TM,2013-10-08,123.68,125.56,123.5,125.49,291194
TM,2013-10-09,128.09,128.13,125.98,127.67,565419
TM,2013-10-10,131.0,131.0,129.73,130.06,364358
TM,2013-10-11,131.65,131.65,129.9,130.74,568308
TM,2013-10-14,130.75,131.18,129.901,130.0,317067
TM,2013-10-15,129.61,130.4,129.5,130.36,439292
TM,2013-10-16,130.24,130.4399,128.8,129.5,187935
TM,2013-10-17,130.1,130.11,129.2,129.45,317889
TM,2013-10-18,129.52,129.903,128.7,129.0,357688
TM,2013-10-21,129.38,131.0,129.17,129.37,561166
TM,2013-10-22,130.71,132.53,129.57,132.53,344274
TM,2013-10-23,129.25,129.628,128.5525,129.26,327443
TM,2013-10-24,129.82,130.0,129.07,129.6,164348
TM,2013-10-25,128.69,129.4,128.5,128.81,308177
TM,2013-10-28,128.37,129.0,128.22,129.0,284924
TM,2013-10-29,128.95,129.0,128.37,128.5,302153
TM,2013-10-30,130.2,130.48,129.63,130.04,478679
TM,2013-10-31,129.42,130.4,129.25,130.34,373941
TM,2013-11-01,129.76,130.15,128.96,129.51,202437
TM,2013-11-04,129.63,130.0,129.2101,130.0,202081
TM,2013-11-05,128.59,129.2,128.15,128.79,498544
TM,2013-11-06,129.2,130.35,129.05,130.35,364649
TM,2013-11-07,125.92,128.25,125.74,127.71,499064
TM,2013-11-08,127.37,127.63,126.31,126.31,459527
TM,2013-11-11,126.67,127.05,126.426,126.87,315213
TM,2013-11-12,127.3,127.34,126.39,126.4,641650
TM,2013-11-13,127.66,127.74,125.98,126.32,333568
TM,2013-11-14,127.48,127.94,126.79,127.0,307128
TM,2013-11-15,127.98,128.32,127.565,127.68,311620
TM,2013-11-18,127.65,128.6,127.26,127.61,846351
TM,2013-11-19,126.24,126.77,125.79,126.31,731256
TM,2013-11-20,126.05,126.74,125.81,126.22,285871
TM,2013-11-21,125.61,125.7999,125.11,125.11,635990
TM,2013-11-22,126.31,126.76,125.441,125.72,384973
TM,2013-11-25,125.6,126.5,125.455,126.5,264134
TM,2013-11-26,124.93,125.35,124.76,125.21,291576
TM,2013-11-27,125.21,125.68,124.91,125.0,246201
TM,2013-11-28,125.21,125.21,125.21,125.21,0
TM,2013-11-29,125.05,125.49,124.892,125.05,184534
TM,2013-12-02,124.1,125.55,124.04,124.82,521474
TM,2013-12-03,123.61,124.0796,122.53,123.55,489446
TM,2013-12-04,123.11,123.59,122.11,122.46,389363
TM,2013-12-05,121.6,122.42,121.26,122.3,460056
TM,2013-12-06,122.74,123.14,122.28,122.28,283772
TM,2013-12-09,122.43,122.93,122.27,122.65,326044
TM,2013-12-10,121.7,121.94,121.3,121.38,362789
TM,2013-12-11,120.34,121.82,120.2,121.33,417508
TM,2013-12-12,120.34,120.99,120.26,120.65,324805
TM,2013-12-13,119.22,120.0001,118.92,120.0,595143
TM,2013-12-16,118.65,119.14,118.41,118.56,663042
TM,2013-12-17,118.63,119.11,118.11,118.49,343493
TM,2013-12-18,121.04,121.09,119.19,120.01,681249
TM,2013-12-19,118.71,119.22,118.37,118.93,691942
TM,2013-12-20,118.75,118.82,118.21,118.47,340731
TM,2013-12-23,119.27,119.45,118.783,118.95,394999
TM,2013-12-24,118.61,118.62,118.25,118.25,289149
TM,2013-12-25,118.61,118.61,118.61,118.61,0
TM,2013-12-26,121.69,121.96,120.41,120.41,434901
TM,2013-12-27,121.88,122.48,121.45,122.47,292879
TM,2013-12-30,121.36,122.87,121.32,122.87,288577
TM,2013-12-31,121.92,121.92,121.22,121.5,230030
TM,2014-01-01,121.92,121.92,121.92,121.92,0
TM,2014-01-02,120.63,121.6,120.1,121.6,239469
TM,2014-01-03,120.51,121.2871,119.87,121.0,530469
TM,2014-01-06,120.17,120.98,120.001,120.88,441114
TM,2014-01-07,120.46,120.59,119.99,120.39,306240
TM,2014-01-08,119.85,120.18,119.65,120.18,349411
TM,2014-01-09,120.33,120.5,119.59,120.33,338460
TM,2014-01-10,120.81,120.89,120.0,120.49,242048
TM,2014-01-13,119.4,120.5,119.2,120.5,422047
TM,2014-01-14,119.46,119.75,118.67,119.25,473406
TM,2014-01-15,119.47,120.04,119.11,119.45,427150
TM,2014-01-16,119.83,119.83,118.9,119.6,244569
TM,2014-01-17,119.19,119.98,118.95,119.38,407819
TM,2014-01-20,119.19,119.19,119.19,119.19,0
TM,2014-01-21,120.46,120.54,119.63,120.5,550037
TM,2014-01-22,121.69,121.74,120.74,121.29,371366
TM,2014-01-23,119.36,120.44,119.06,120.4,435857
TM,2014-01-24,117.88,119.04,117.71,118.99,591867
TM,2014-01-27,117.03,118.26,116.15,117.88,673071
TM,2014-01-28,117.83,118.27,117.285,117.53,564443
TM,2014-01-29,117.2,118.32,116.92,118.26,542474
TM,2014-01-30,117.16,117.828,116.7,117.44,329894
TM,2014-01-31,114.76,115.5,113.61,114.92,566311
TM,2014-02-03,112.75,114.15,112.08,113.97,553831
TM,2014-02-04,112.49,112.66,110.75,111.85,561813
TM,2014-02-05,115.66,115.85,114.11,114.79,710701
TM,2014-02-06,115.96,116.18,114.44,114.58,439287
TM,2014-02-07,117.38,117.66,115.71,115.9,610918
TM,2014-02-10,117.04,117.51,116.6,117.5,384997
TM,2014-02-11,117.91,118.11,117.1,117.79,366105
TM,2014-02-12,117.56,118.41,117.25,117.55,467446
TM,2014-02-13,116.15,116.39,114.86,114.98,418971
TM,2014-02-14,115.17,115.77,115.0,115.1,621954
TM,2014-02-17,115.17,115.17,115.17,115.17,0
TM,2014-02-18,116.28,117.11,115.75,116.52,387483
TM,2014-02-19,115.22,116.42,115.1,115.91,279915
TM,2014-02-20,115.33,115.77,114.86,115.41,242323
TM,2014-02-21,116.34,117.07,116.27,116.39,315974
TM,2014-02-24,116.17,116.54,115.86,116.05,328602
TM,2014-02-25,116.47,116.92,115.94,116.25,298567
TM,2014-02-26,115.58,116.02,115.37,116.0,231268
TM,2014-02-27,116.02,116.02,114.87,115.25,227765
TM,2014-02-28,115.3,115.92,114.8601,115.17,307805
TM,2014-03-03,113.6,113.9823,113.15,113.84,456342
TM,2014-03-04,115.21,115.2788,114.66,114.83,289438
TM,2014-03-05,113.26,113.74,112.83,113.18,622704
TM,2014-03-06,114.65,114.954,114.54,114.8,392619
TM,2014-03-07,113.96,114.9696,113.8,114.8,309020
TM,2014-03-10,113.34,113.8,113.0,113.61,235965
TM,2014-03-11,112.46,113.4265,112.41,113.21,224207
TM,2014-03-12,111.3,111.64,110.57,111.28,483922
TM,2014-03-13,110.21,111.78,109.68,111.49,396119
TM,2014-03-14,108.76,109.43,108.49,109.07,753208
TM,2014-03-17,110.67,110.809,109.93,110.07,438505
TM,2014-03-18,109.83,110.27,109.3401,109.45,318963
TM,2014-03-19,108.68,109.74,108.16,109.205,513398
TM,2014-03-20,107.61,107.73,106.31,106.55,668195
TM,2014-03-21,107.37,108.43,107.34,107.65,413222
TM,2014-03-24,107.94,108.44,107.19,108.3,362498
TM,2014-03-25,108.46,109.3083,108.3,108.92,349416
TM,2014-03-26,110.53,111.98,110.25,110.94,858672
TM,2014-03-27,111.58,112.0,111.31,111.9,559110
TM,2014-03-28,112.83,113.72,112.5701,113.42,539436
TM,2014-03-31,112.9,113.49,112.55,113.1,480999
TM,2014-04-01,113.22,113.34,112.81,112.95,539186
TM,2014-04-02,113.44,113.505,112.7,113.36,351097
TM,2014-04-03,112.86,113.59,112.54,112.93,453305
TM,2014-04-04,111.26,112.596,111.03,112.22,598392
TM,2014-04-07,111.39,111.76,110.84,111.51,401810
TM,2014-04-08,109.1,109.34,108.63,109.1,612383
TM,2014-04-09,107.73,107.83,106.67,106.9,1117606
TM,2014-04-10,103.39,105.28,103.38,105.07,1538805
TM,2014-04-11,104.89,105.81,104.05,104.3,912782
TM,2014-04-14,107.32,107.7,106.732,107.18,497482
TM,2014-04-15,106.86,106.97,105.67,106.63,489052
TM,2014-04-16,108.47,108.5035,107.7,108.0,372713
TM,2014-04-17,108.02,108.615,107.69,108.54,393123
TM,2014-04-18,108.02,108.02,108.02,108.02,0
TM,2014-04-21,108.64,108.93,108.44,108.9,376965
TM,2014-04-22,108.42,108.6259,108.21,108.45,343934
TM,2014-04-23,108.15,108.49,108.12,108.28,276840
TM,2014-04-24,107.04,107.34,106.58,107.34,460112
TM,2014-04-25,106.49,107.2156,106.35,106.81,436520
TM,2014-04-28,107.07,107.46,106.35,107.4,392947
TM,2014-04-29,107.5,107.99,107.38,107.81,296503
TM,2014-04-30,108.42,108.5,107.67,108.0,467669
TM,2014-05-01,109.73,110.15,109.37,110.02,340954
TM,2014-05-02,109.93,110.18,109.674,109.99,420913
TM,2014-05-05,109.44,109.93,109.41,109.78,274785
TM,2014-05-06,109.0,109.57,108.72,109.5,429373
TM,2014-05-07,109.03,109.14,108.58,109.0,318994
TM,2014-05-08,108.15,108.61,107.53,108.5,366537
TM,2014-05-09,108.87,109.38,108.53,108.96,371791
TM,2014-05-12,109.21,109.319,108.6,108.87,347222
TM,2014-05-13,111.38,111.54,110.09,110.21,564211
TM,2014-05-14,110.43,111.4385,110.41,111.07,699545
TM,2014-05-15,109.5,110.66,109.0,110.34,258101
TM,2014-05-16,109.61,109.62,108.96,109.37,237357
TM,2014-05-19,108.61,108.79,107.81,108.11,358860
TM,2014-05-20,107.67,108.28,107.63,108.17,333241
TM,2014-05-21,108.06,108.2201,107.59,107.8,307040
TM,2014-05-22,109.49,109.895,108.87,108.9,547873
TM,2014-05-23,109.64,109.73,109.3801,109.51,175679
TM,2014-05-26,109.64,109.64,109.64,109.64,0
TM,2014-05-27,110.11,110.17,109.53,109.93,296814
TM,2014-05-28,109.91,110.8,109.5,110.55,259050
TM,2014-05-29,111.49,111.71,111.07,111.29,348679
TM,2014-05-30,113.11,113.39,112.9,113.35,449726
TM,2014-06-02,113.95,114.19,113.27,114.12,662476
TM,2014-06-03,114.92,115.0299,114.16,114.16,593582
TM,2014-06-04,114.48,114.66,113.39,114.51,558141
TM,2014-06-05,114.59,114.8,113.82,114.2,318647
TM,2014-06-06,115.15,115.456,114.52,114.62,370853
TM,2014-06-09,115.07,115.31,114.83,115.0,220163
TM,2014-06-10,113.87,114.12,113.3801,113.68,349156
TM,2014-06-11,114.06,114.47,113.78,114.06,207004
TM,2014-06-12,114.26,115.29,114.11,114.78,292378
TM,2014-06-13,114.24,114.3563,114.0,114.12,185200
TM,2014-06-16,114.48,114.66,113.9,114.27,225235
TM,2014-06-17,114.71,115.24,114.51,115.13,221974
TM,2014-06-18,116.05,116.22,114.6395,114.84,360891
TM,2014-06-19,117.75,118.07,117.03,117.5,660337
TM,2014-06-20,118.22,118.42,117.72,118.21,513556
TM,2014-06-23,117.22,117.29,116.7,117.1,234072
TM,2014-06-24,116.55,117.39,116.5001,117.26,219573
TM,2014-06-25,117.47,117.52,116.63,116.91,208787
TM,2014-06-26,117.65,118.0,117.29,118.0,195647
TM,2014-06-27,118.84,118.94,118.47,118.71,353306
TM,2014-06-30,119.66,119.88,119.44,119.75,506434
TM,2014-07-01,122.26,122.28,121.35,121.43,500984
TM,2014-07-02,121.88,122.35,121.63,122.34,223539
TM,2014-07-03,121.73,121.9,121.05,121.35,195943
TM,2014-07-04,121.73,121.73,121.73,121.73,0
TM,2014-07-07,121.16,121.8,120.86,121.25,328725
TM,2014-07-08,120.3,120.94,119.631,120.94,343415
TM,2014-07-09,120.04,120.29,119.0,119.8,292366
TM,2014-07-10,118.05,118.39,116.61,117.48,466739
TM,2014-07-11,118.52,118.8,118.12,118.41,347304
TM,2014-07-14,119.0,119.49,118.89,119.37,166822
TM,2014-07-15,118.71,119.09,118.33,119.0,187696
TM,2014-07-16,119.15,119.52,119.11,119.4,181257
TM,2014-07-17,118.38,119.4781,118.2,119.2,244726
TM,2014-07-18,118.9,118.985,118.35,118.84,207982
TM,2014-07-21,118.66,119.0,118.03,118.69,143856
TM,2014-07-22,119.18,119.4199,118.72,118.72,117655
TM,2014-07-23,119.43,119.65,119.05,119.39,171208
TM,2014-07-24,119.38,119.99,119.37,119.61,152615
TM,2014-07-25,119.63,120.0,119.32,119.92,140159
TM,2014-07-28,120.58,120.76,119.75,119.96,172782
TM,2014-07-29,120.58,121.46,120.5,120.59,399224
TM,2014-07-30,120.04,120.52,119.54,120.52,293059
TM,2014-07-31,117.99,119.71,117.94,119.31,290865
TM,2014-08-01,117.59,118.08,117.287,117.71,206880
TM,2014-08-04,118.12,118.33,117.62,117.93,131359
TM,2014-08-05,119.03,119.82,118.5133,119.01,360271
TM,2014-08-06,116.61,116.76,115.43,116.13,429444
TM,2014-08-07,116.68,118.08,116.43,117.46,260438
TM,2014-08-08,117.63,117.66,116.15,116.64,254436
TM,2014-08-11,116.76,117.1997,116.5,116.73,264818
TM,2014-08-12,117.24,117.55,116.83,117.07,242541
TM,2014-08-13,117.93,118.33,117.77,117.85,217832
TM,2014-08-14,117.74,117.79,117.25,117.47,181474
TM,2014-08-15,116.89,117.38,116.26,117.25,220267
TM,2014-08-18,117.21,117.4699,117.01,117.01,156882
TM,2014-08-19,116.95,117.21,116.81,117.1,222018
TM,2014-08-20,115.7,115.8799,115.2,115.62,320283
TM,2014-08-21,115.78,116.25,115.71,115.75,263917
TM,2014-08-22,114.09,114.78,113.94,114.78,476990
TM,2014-08-25,114.87,115.15,114.66,114.93,238886
TM,2014-08-26,115.08,115.6999,114.92,115.13,250964
TM,2014-08-27,114.91,115.19,114.76,115.1,268831
TM,2014-08-28,114.43,114.9,114.03,114.6,281382
TM,2014-08-29,114.32,114.56,113.92,114.5,170331
TM,2014-09-01,114.32,114.32,114.32,114.32,0
TM,2014-09-02,116.2,116.21,115.73,115.94,293993
TM,2014-09-03,115.96,116.36,115.85,116.12,244310
TM,2014-09-04,116.05,116.76,115.9,116.19,382695
TM,2014-09-05,116.39,116.42,115.92,116.09,162237
TM,2014-09-08,116.04,116.31,115.51,116.16,219118
TM,2014-09-09,115.02,115.45,114.97,115.4,323432
TM,2014-09-10,116.49,116.59,115.78,116.07,359544
TM,2014-09-11,116.37,116.475,116.0,116.26,189628
TM,2014-09-12,117.11,117.4,116.83,117.38,233396
TM,2014-09-15,117.16,117.28,116.69,116.98,176693
TM,2014-09-16,117.59,117.853,117.02,117.24,321139
TM,2014-09-17,117.35,117.94,116.88,117.39,262818
TM,2014-09-18,119.43,119.5,118.74,118.82,359899
TM,2014-09-19,118.76,119.4,118.56,119.3,262056
TM,2014-09-22,119.01,119.81,118.91,119.11,409738
TM,2014-09-23,118.25,119.0,118.0201,118.98,314509
TM,2014-09-24,118.85,118.91,118.031,118.06,272877
TM,2014-09-25,117.87,119.433,117.78,119.02,437848
TM,2014-09-26,118.65,118.8,118.11,118.24,271281
TM,2014-09-29,117.52,118.15,117.08,118.07,365739
TM,2014-09-30,117.53,118.11,117.04,117.9,481681
TM,2014-10-01,116.65,117.99,116.46,117.94,676844
TM,2014-10-02,114.48,115.178,113.64,115.02,507322
TM,2014-10-03,116.16,116.31,115.48,115.7,281533
TM,2014-10-06,116.7,117.22,116.41,116.61,339193
TM,2014-10-07,115.82,117.138,115.8,117.0,405140
TM,2014-10-08,116.26,116.35,114.23,115.58,445968
TM,2014-10-09,114.52,116.3,114.24,116.21,371177
TM,2014-10-10,113.97,115.75,113.85,115.01,448360
TM,2014-10-13,112.67,114.67,112.59,114.17,425679
TM,2014-10-14,111.62,112.0395,111.26,111.94,759435
TM,2014-10-15,110.06,110.38,108.4,109.78,632551
TM,2014-10-16,110.18,110.8355,108.62,108.99,441672
TM,2014-10-17,109.79,110.39,108.94,108.99,469117
TM,2014-10-20,113.31,113.5,112.3,112.33,408940
TM,2014-10-21,113.35,113.47,112.13,112.36,665387
TM,2014-10-22,112.27,113.42,112.2,113.11,413650
TM,2014-10-23,113.41,114.15,112.93,113.25,408288
TM,2014-10-24,114.51,114.654,113.87,114.41,312481
TM,2014-10-27,114.34,114.85,113.86,114.32,198460
TM,2014-10-28,115.1,115.1,114.1101,114.65,389900
TM,2014-10-29,115.81,116.65,115.265,116.0,245793
TM,2014-10-30,115.86,116.3,114.79,114.8,194900
TM,2014-10-31,121.35,121.44,118.5,119.05,1280631
TM,2014-11-03,122.0,122.03,120.81,121.3,857499
TM,2014-11-04,119.4,119.72,118.31,119.5,569633
TM,2014-11-05,121.37,121.75,120.41,121.03,394133
TM,2014-11-06,119.83,119.98,119.02,119.52,435494
TM,2014-11-07,118.67,118.67,117.68,118.43,570783
TM,2014-11-10,117.97,118.29,117.5,117.81,429760
TM,2014-11-11,119.14,119.43,118.43,118.5,526112
TM,2014-11-12,118.79,118.9399,118.11,118.74,252844
TM,2014-11-13,119.82,120.37,119.65,119.65,269844
TM,2014-11-14,119.82,119.88,119.231,119.58,214214
TM,2014-11-17,118.59,119.14,118.08,118.5,324060
TM,2014-11-18,120.07,120.39,119.57,119.68,332386
TM,2014-11-19,120.35,120.52,119.46,120.07,389663
TM,2014-11-20,119.72,120.029,119.51,119.75,162970
TM,2014-11-21,121.29,121.7,120.61,120.61,920484
TM,2014-11-24,121.46,121.74,121.3,121.49,660984
TM,2014-11-25,121.81,121.99,121.7375,121.75,190176
TM,2014-11-26,121.7,122.0,121.411,121.99,291794
TM,2014-11-27,121.7,121.7,121.7,121.7,0
TM,2014-11-28,123.13,123.33,122.44,122.91,234417
TM,2014-12-01,124.94,125.57,124.55,124.66,486011
TM,2014-12-02,126.57,127.03,126.32,126.56,496387
TM,2014-12-03,127.71,127.89,127.12,127.5,471259
TM,2014-12-04,128.6,128.81,128.105,128.81,505167
TM,2014-12-05,129.03,129.3,128.47,128.86,423536
TM,2014-12-08,128.42,129.19,128.25,129.04,359494
TM,2014-12-09,128.36,128.42,126.8198,127.85,472106
TM,2014-12-10,125.49,126.91,125.12,126.9,510047
TM,2014-12-11,126.09,127.33,125.87,126.55,251933
TM,2014-12-12,124.54,126.07,124.5201,125.66,350144
TM,2014-12-15,121.55,123.81,121.06,123.54,597098
TM,2014-12-16,121.94,123.4799,121.75,122.36,543850
TM,2014-12-17,123.22,123.63,122.0,122.0,338976
TM,2014-12-18,124.74,124.79,123.82,124.13,306688
TM,2014-12-19,127.01,127.46,126.52,126.72,396747
TM,2014-12-22,126.64,126.89,125.93,126.3,597989
TM,2014-12-23,126.76,127.31,126.56,126.74,188191
TM,2014-12-24,126.76,127.3331,126.76,127.2,79976
TM,2014-12-25,126.76,126.76,126.76,126.76,0
TM,2014-12-26,128.1,128.29,127.0,127.0,160090
TM,2014-12-29,127.37,127.6,126.86,127.08,203629
TM,2014-12-30,125.91,126.07,125.33,125.96,169071
TM,2014-12-31,125.48,126.21,125.4,125.6,151146
TM,2015-01-01,125.48,125.48,125.48,125.48,0
TM,2015-01-02,125.67,126.64,124.89,126.23,249969
TM,2015-01-05,123.37,124.61,123.05,124.44,240551
TM,2015-01-06,122.1,123.72,121.2107,123.4,285618
TM,2015-01-07,125.17,126.06,125.06,125.52,385738
TM,2015-01-08,127.58,127.7,126.45,126.45,498752
TM,2015-01-09,126.08,127.77,125.98,127.77,150308
TM,2015-01-12,126.04,127.74,125.34,126.5,306786
TM,2015-01-13,126.41,127.87,125.63,127.05,252873
TM,2015-01-14,125.82,125.98,124.63,125.42,364269
TM,2015-01-15,126.78,128.37,126.63,127.87,311433
TM,2015-01-16,128.88,129.0,128.05,128.32,441625
TM,2015-01-19,128.88,128.88,128.88,128.88,0
TM,2015-01-20,129.16,129.795,128.76,129.5,438042
TM,2015-01-21,128.66,128.82,128.01,128.36,606667
TM,2015-01-22,129.86,130.23,127.96,128.97,235477
TM,2015-01-23,129.66,130.21,129.5,130.0,292883
TM,2015-01-26,131.86,132.31,130.98,130.98,350596
TM,2015-01-27,131.1,131.73,130.88,131.13,302044
TM,2015-01-28,130.95,132.42,130.7,132.23,304090
TM,2015-01-29,132.15,132.18,130.9355,131.48,411824
TM,2015-01-30,128.85,129.98,128.69,129.49,273905
TM,2015-02-02,131.09,131.13,129.71,130.1,280178
TM,2015-02-03,131.1,131.17,129.42,129.55,458084
TM,2015-02-04,132.68,134.24,132.2,132.2,471556
TM,2015-02-05,131.74,131.92,130.78,130.98,448164
TM,2015-02-06,129.57,130.49,129.37,129.77,384870
TM,2015-02-09,129.16,129.7499,128.96,129.47,185983
TM,2015-02-10,130.85,131.06,129.71,129.71,229057
TM,2015-02-11,131.02,131.25,130.7443,130.8,449212
TM,2015-02-12,131.82,131.99,131.2,131.39,327581
TM,2015-02-13,132.49,132.79,131.99,131.99,301012
TM,2015-02-16,132.49,132.49,132.49,132.49,0
TM,2015-02-17,132.08,132.69,132.0,132.0,365361
TM,2015-02-18,134.16,134.36,133.65,133.66,258384
TM,2015-02-19,135.28,135.49,134.38,134.5,218587
TM,2015-02-20,136.9,136.99,135.86,135.94,239833
TM,2015-02-23,136.98,137.204,136.405,136.9,199760
TM,2015-02-24,138.34,138.7,137.24,137.6,334976
TM,2015-02-25,136.87,137.1397,136.39,136.8,236844
TM,2015-02-26,136.8,137.46,136.63,136.88,258041
TM,2015-02-27,135.37,135.8,135.35,135.35,219920
TM,2015-03-02,135.87,136.0,135.25,135.25,254458
TM,2015-03-03,135.4,135.84,135.07,135.37,208809
TM,2015-03-04,135.52,135.585,134.4001,135.4,205548
TM,2015-03-05,134.9,135.42,134.65,134.96,232871
TM,2015-03-06,134.89,135.98,134.7,135.32,184731
TM,2015-03-09,135.39,135.65,134.94,135.5,174080
TM,2015-03-10,133.69,134.38,133.6,134.15,220935
TM,2015-03-11,134.0,134.45,133.83,134.2,222735
TM,2015-03-12,137.53,137.67,136.17,136.17,313196
TM,2015-03-13,136.17,136.38,135.46,135.86,393245
TM,2015-03-16,137.52,138.14,137.16,137.36,271010
TM,2015-03-17,136.96,137.37,136.6,137.09,816585
TM,2015-03-18,140.08,140.2563,138.49,139.1,457887
TM,2015-03-19,140.1,140.588,139.65,140.14,310603
TM,2015-03-20,143.09,143.5,142.53,142.64,406865
TM,2015-03-23,145.32,145.8,144.95,145.33,481160
TM,2015-03-24,144.52,145.23,144.4,145.23,303685
TM,2015-03-25,143.81,145.25,143.7801,145.25,328913
TM,2015-03-26,143.11,143.66,142.71,143.0,324381
TM,2015-03-27,142.4,142.51,141.72,142.34,238148
TM,2015-03-30,142.55,142.94,141.381,142.19,484136
TM,2015-03-31,139.89,140.94,139.71,140.88,555115
TM,2015-04-01,138.48,138.6604,137.77,138.33,358920
TM,2015-04-02,140.02,140.9,139.63,139.83,249000
TM,2015-04-03,140.02,140.02,140.02,140.02,0
TM,2015-04-06,140.64,141.21,140.0,140.0,157785
TM,2015-04-07,139.72,140.64,139.65,140.1,260795
TM,2015-04-08,139.94,140.365,139.54,139.86,142139
TM,2015-04-09,139.91,140.1212,139.0,139.1,276669
TM,2015-04-10,139.65,139.82,138.66,138.71,320366
TM,2015-04-13,137.56,138.0,137.2,137.67,320184
TM,2015-04-14,138.66,138.98,138.13,138.69,171630
TM,2015-04-15,139.08,139.3806,138.68,139.23,177583
TM,2015-04-16,138.98,139.504,138.79,139.18,186530
TM,2015-04-17,138.43,139.03,138.0,138.99,253919
TM,2015-04-20,138.73,139.34,138.64,138.74,151608
TM,2015-04-21,141.33,141.9,141.28,141.37,365777
TM,2015-04-22,141.66,141.89,141.1701,141.47,163760
TM,2015-04-23,141.03,141.28,140.62,141.16,393011
TM,2015-04-24,141.21,141.47,140.98,141.26,277455
TM,2015-04-27,140.66,141.25,140.55,140.96,272985
TM,2015-04-28,142.06,142.84,141.6,142.18,421912
TM,2015-04-29,140.79,142.47,140.07,141.33,282913
TM,2015-04-30,139.02,140.325,138.7067,140.0,246848
TM,2015-05-01,139.96,139.96,138.72,138.75,247083
TM,2015-05-04,140.06,140.43,139.58,139.79,171953
TM,2015-05-05,137.55,139.7985,137.45,139.46,266099
TM,2015-05-06,137.16,137.99,136.5,137.32,323508
TM,2015-05-07,137.92,138.06,136.84,136.86,208486
TM,2015-05-08,142.12,142.34,139.37,139.5,319808
TM,2015-05-11,137.45,138.36,137.42,137.88,756707
TM,2015-05-12,137.66,138.05,137.0,137.51,579448
TM,2015-05-13,136.62,137.94,136.52,137.35,359683
TM,2015-05-14,137.95,137.99,136.96,137.73,150438
TM,2015-05-15,139.37,139.39,138.65,138.65,177692
TM,2015-05-18,139.43,139.49,139.15,139.39,141283
TM,2015-05-19,139.53,140.24,139.28,139.85,223723
TM,2015-05-20,139.01,139.65,138.77,139.2,121013
TM,2015-05-21,139.44,139.55,138.78,138.78,141873
TM,2015-05-22,138.22,138.66,137.91,137.98,202768
TM,2015-05-25,138.22,138.22,138.22,138.22,0
TM,2015-05-26,137.7,138.47,137.14,138.47,293248
TM,2015-05-27,138.77,139.0,138.31,138.72,246965
TM,2015-05-28,139.74,139.956,138.82,138.85,220025
TM,2015-05-29,137.89,138.74,137.51,138.74,310632
TM,2015-06-01,137.24,137.98,136.81,137.8,280124
TM,2015-06-02,136.57,137.15,136.47,136.74,275901
TM,2015-06-03,137.44,137.88,137.0,137.51,241216
TM,2015-06-04,136.85,137.53,136.63,136.93,230952
TM,2015-06-05,135.51,135.99,135.26,135.99,168008
TM,2015-06-08,133.15,133.9,132.62,133.58,304908
TM,2015-06-09,132.3,132.74,131.9196,132.5,236341
TM,2015-06-10,134.24,134.59,133.731,133.84,166157
TM,2015-06-11,135.18,135.51,134.9,135.24,152569
TM,2015-06-12,135.49,135.87,135.09,135.45,191385
TM,2015-06-15,135.51,135.83,135.17,135.2,292732
TM,2015-06-16,136.06,136.17,135.51,135.7,179238
TM,2015-06-17,134.87,135.09,133.75,134.31,344885
TM,2015-06-18,134.48,134.8446,133.5,133.5,247053
TM,2015-06-19,134.02,134.62,133.94,134.48,179836
TM,2015-06-22,135.48,136.35,135.16,135.16,263107
TM,2015-06-23,137.1,137.25,136.79,136.95,270459
TM,2015-06-24,135.4,136.01,135.33,136.01,149017
TM,2015-06-25,134.87,135.51,134.853,135.35,180840
TM,2015-06-26,135.46,135.88,135.1501,135.34,139510
TM,2015-06-29,132.45,134.13,132.4,134.1,191143
TM,2015-06-30,133.75,134.48,133.55,134.22,216253
TM,2015-07-01,133.6,133.84,133.14,133.72,157147
TM,2015-07-02,132.75,132.93,132.43,132.72,276810
TM,2015-07-03,132.75,132.75,132.75,132.75,0
TM,2015-07-06,132.73,133.0995,132.1301,132.25,132028
TM,2015-07-07,132.38,132.54,130.75,132.26,288620
TM,2015-07-08,128.11,130.14,127.94,130.11,717295
TM,2015-07-09,129.03,130.5299,128.93,130.16,187339
TM,2015-07-10,131.52,131.87,129.92,130.56,402090
TM,2015-07-13,133.44,133.62,133.02,133.02,214879
TM,2015-07-14,133.45,133.7,132.93,133.13,195519
TM,2015-07-15,133.99,134.62,133.79,134.07,294054
TM,2015-07-16,135.77,136.39,135.66,136.24,441314
TM,2015-07-17,135.36,135.49,134.7,134.7,186120
TM,2015-07-20,135.54,136.11,135.41,135.79,353593
TM,2015-07-21,134.56,135.03,134.1528,134.91,200481
TM,2015-07-22,133.99,134.43,133.8,133.8,196366
TM,2015-07-23,133.25,133.92,133.08,133.69,196384
TM,2015-07-24,132.55,133.89,132.32,133.62,130197
TM,2015-07-27,131.79,131.87,131.2077,131.5,187682
TM,2015-07-28,131.84,131.92,130.37,131.08,383358
TM,2015-07-29,132.57,132.8399,131.6,131.71,212501
TM,2015-07-30,132.27,132.43,131.25,132.0,271031
TM,2015-07-31,133.46,133.71,133.05,133.51,226744
TM,2015-08-03,133.18,133.39,132.0,132.44,315832
TM,2015-08-04,129.85,131.39,128.38,131.37,515086
TM,2015-08-05,128.31,128.98,128.17,128.66,476452
TM,2015-08-06,128.81,129.45,128.65,128.96,278831
TM,2015-08-07,129.95,130.0,129.5214,129.86,163880
TM,2015-08-10,131.09,131.43,130.07,130.5,300874
TM,2015-08-11,129.01,129.65,128.69,129.65,236129
TM,2015-08-12,127.42,127.69,126.031,127.29,767990
TM,2015-08-13,127.79,128.1448,126.86,127.15,188659
TM,2015-08-14,128.19,128.24,127.575,127.79,130602
TM,2015-08-17,127.87,127.99,127.1,127.5,156581
TM,2015-08-18,127.87,128.0699,127.442,127.61,186009
TM,2015-08-19,126.04,127.01,125.67,126.39,286476
TM,2015-08-20,122.5,124.54,122.45,124.54,536631
TM,2015-08-21,119.05,122.4599,118.91,122.1,504656
TM,2015-08-24,113.52,116.05,105.0,110.23,1009999
TM,2015-08-25,113.37,117.71,113.37,117.71,576756
TM,2015-08-26,117.84,117.95,115.06,116.8,393625
TM,2015-08-27,119.57,119.88,118.32,118.67,399584
TM,2015-08-28,120.77,121.61,120.33,121.02,285764
TM,2015-08-31,118.38,119.26,118.19,119.13,243238
TM,2015-09-01,114.34,115.93,114.08,115.58,426040
TM,2015-09-02,117.62,117.693,116.2082,117.25,266618
TM,2015-09-03,119.61,120.44,119.34,120.19,352543
TM,2015-09-04,116.5,116.9,115.84,116.68,262167
TM,2015-09-07,116.5,116.5,116.5,116.5,0
TM,2015-09-08,121.24,121.34,120.13,120.2,398418
TM,2015-09-09,120.62,123.406,120.44,123.26,1331430
TM,2015-09-10,117.94,118.96,117.4,118.96,2073321
TM,2015-09-11,117.1,117.1,115.89,116.49,531190
TM,2015-09-14,116.35,117.06,116.0,116.73,351418
TM,2015-09-15,119.96,120.13,118.69,119.06,442537
TM,2015-09-16,122.0,122.33,121.54,121.81,439615
TM,2015-09-17,121.24,122.82,120.87,121.03,243341
TM,2015-09-18,118.82,120.105,118.71,119.37,250693
TM,2015-09-21,119.43,120.02,118.69,119.59,174018
TM,2015-09-22,117.58,117.88,116.01,117.68,372754
TM,2015-09-23,117.51,117.74,116.61,117.31,231347
TM,2015-09-24,117.55,117.738,116.0,117.52,535845
TM,2015-09-25,118.51,119.99,118.16,119.28,292368
TM,2015-09-28,115.22,117.57,114.7312,117.56,311689
TM,2015-09-29,114.25,114.48,113.16,113.98,345763
TM,2015-09-30,117.28,117.4,116.1007,116.24,235123
TM,2015-10-01,118.34,118.87,117.23,118.49,278044
TM,2015-10-02,120.73,120.82,118.575,119.31,557196
TM,2015-10-05,122.32,122.91,121.76,121.79,338319
TM,2015-10-06,120.92,121.26,120.368,120.92,350106
TM,2015-10-07,122.71,123.19,122.1901,122.54,240679
TM,2015-10-08,123.48,123.705,122.11,122.78,254214
TM,2015-10-09,122.6,124.59,122.33,123.98,398845
TM,2015-10-12,123.11,123.44,122.59,122.75,314482
TM,2015-10-13,121.07,121.946,120.86,121.49,341493
TM,2015-10-14,120.05,121.31,119.9,121.0,187363
TM,2015-10-15,122.44,122.545,121.25,121.74,263270
TM,2015-10-16,123.96,124.148,123.22,123.64,265152
TM,2015-10-19,123.55,123.57,122.82,123.35,164710
TM,2015-10-20,122.21,122.9,122.16,122.68,245034
TM,2015-10-21,123.7,124.85,123.6,124.04,162921
TM,2015-10-22,125.23,125.58,124.45,124.73,271188
TM,2015-10-23,125.74,125.96,125.0,125.4,215210
TM,2015-10-26,125.33,125.84,125.0,125.66,218484
TM,2015-10-27,124.83,125.2,124.52,124.89,205975
TM,2015-10-28,126.36,126.45,124.93,125.33,193097
TM,2015-10-29,123.24,123.41,122.4601,123.33,267774
TM,2015-10-30,122.62,123.56,122.585,123.22,196570
TM,2015-11-02,123.3,123.51,122.86,123.18,573391
TM,2015-11-03,123.39,123.52,122.86,123.35,569597
TM,2015-11-04,123.56,123.89,123.07,123.48,302176
TM,2015-11-05,124.86,125.19,124.5989,124.65,319218
TM,2015-11-06,122.92,123.19,122.29,123.17,277516
TM,2015-11-09,122.22,122.99,121.71,122.74,188967
TM,2015-11-10,123.59,123.73,123.08,123.2,202677
TM,2015-11-11,123.23,124.04,123.23,124.04,146779
TM,2015-11-12,121.73,122.89,121.51,122.89,282049
TM,2015-11-13,121.27,122.485,121.2,122.14,289508
TM,2015-11-16,122.04,122.09,120.99,121.0,183862
TM,2015-11-17,123.15,123.68,122.55,122.79,224951
TM,2015-11-18,124.91,124.95,123.38,123.61,216444
TM,2015-11-19,123.89,124.47,123.755,123.86,213004
TM,2015-11-20,123.67,124.14,123.35,124.03,158719
TM,2015-11-23,123.12,123.89,122.66,123.6,175725
TM,2015-11-24,124.02,124.185,123.24,123.81,242626
TM,2015-11-25,123.86,124.02,123.61,124.02,109392
TM,2015-11-26,123.86,123.86,123.86,123.86,0
TM,2015-11-27,124.37,124.74,124.26,124.48,63874
TM,2015-11-30,124.42,124.84,124.2,124.8,190162
TM,2015-12-01,125.92,126.38,125.55,125.75,200766
TM,2015-12-02,125.74,127.05,125.47,126.81,253311
TM,2015-12-03,124.72,126.65,124.53,126.63,601350
TM,2015-12-04,125.9,125.9,124.58,124.58,280242
TM,2015-12-07,125.15,125.6,124.51,125.49,161820
TM,2015-12-08,122.52,123.1,121.96,123.1,514175
TM,2015-12-09,123.9,124.73,123.05,124.1,341742
TM,2015-12-10,124.89,125.4,124.6,125.0,255751
TM,2015-12-11,123.67,124.216,122.91,124.04,463126
TM,2015-12-14,122.5,123.88,121.67,123.59,414403
TM,2015-12-15,122.17,122.97,122.12,122.57,245199
TM,2015-12-16,126.66,126.89,124.85,125.06,493866
TM,2015-12-17,124.8,126.627,124.71,126.35,352789
TM,2015-12-18,124.39,125.0,123.95,124.83,359039
TM,2015-12-21,124.65,125.39,123.65,124.75,274108
TM,2015-12-22,125.58,126.0,124.8,125.48,332815
TM,2015-12-23,127.15,127.28,126.23,126.66,298625
TM,2015-12-24,125.77,126.11,125.4,125.4,102304
TM,2015-12-25,125.77,125.77,125.77,125.77,0
TM,2015-12-28,124.47,124.85,124.23,124.43,283808
TM,2015-12-29,124.76,125.0799,124.09,124.09,160425
TM,2015-12-30,123.22,124.43,123.1149,124.4,334269
TM,2015-12-31,123.04,124.33,122.65,123.35,221033
TM,2016-01-01,123.04,123.04,123.04,123.04,0
TM,2016-01-04,121.46,122.26,120.17,121.52,413574
TM,2016-01-05,121.14,121.54,120.16,121.54,306404
TM,2016-01-06,118.38,118.8,117.76,118.57,277589
TM,2016-01-07,115.57,116.64,115.46,116.08,407467
TM,2016-01-08,113.06,116.68,112.92,116.32,635817
TM,2016-01-11,114.81,114.88,113.46,114.26,511444
TM,2016-01-12,115.83,116.719,114.4701,116.65,341208
TM,2016-01-13,114.99,117.36,114.54,117.2,345832
TM,2016-01-14,116.29,116.63,114.21,115.37,354240
TM,2016-01-15,112.6,114.17,111.89,114.06,636956
TM,2016-01-18,112.6,112.6,112.6,112.6,0
TM,2016-01-19,115.02,116.1,113.87,116.01,485483
TM,2016-01-20,111.51,112.43,108.94,112.3,1000176
TM,2016-01-21,111.1,112.05,109.47,110.36,285288
TM,2016-01-22,115.95,116.04,114.82,115.11,595476
TM,2016-01-25,113.41,114.59,113.21,114.37,248564
TM,2016-01-26,114.35,114.38,113.1801,113.3,268208
TM,2016-01-27,115.32,117.09,114.8,116.0,320952
TM,2016-01-28,116.12,116.68,114.93,116.68,313748
TM,2016-01-29,120.03,120.03,118.01,118.75,746015
TM,2016-02-01,120.4,120.773,119.16,120.0,416729
TM,2016-02-02,119.0,120.15,118.5,120.15,353367
TM,2016-02-03,114.99,116.75,113.39,116.48,622637
TM,2016-02-04,114.29,114.48,112.73,113.5,559615
TM,2016-02-05,110.39,112.52,109.0,112.24,851110
TM,2016-02-08,109.13,109.81,107.97,109.74,687715
TM,2016-02-09,106.84,107.57,105.58,105.99,497511
TM,2016-02-10,106.77,109.47,106.64,108.62,414061
TM,2016-02-11,105.08,105.78,104.17,105.29,545766
TM,2016-02-12,105.26,105.37,102.54,103.17,668324
TM,2016-02-15,105.26,105.26,105.26,105.26,0
TM,2016-02-16,108.21,108.59,107.45,108.05,475720
TM,2016-02-17,108.13,108.45,107.6,107.69,696546
TM,2016-02-18,107.45,108.95,107.22,108.58,224735
TM,2016-02-19,105.31,105.8456,104.8,105.68,723894
TM,2016-02-22,106.69,106.9,106.055,106.07,297587
TM,2016-02-23,105.62,106.665,105.53,106.55,161786
TM,2016-02-24,104.59,105.22,102.85,105.07,628838
TM,2016-02-25,105.57,105.59,104.46,105.1,848951
TM,2016-02-26,105.14,106.08,104.63,105.0,492645
TM,2016-02-29,104.1,105.28,104.1,105.1,423626
TM,2016-03-01,106.41,106.65,104.89,105.3,344292
TM,2016-03-02,106.99,107.3,106.52,106.85,275701
TM,2016-03-03,108.57,108.57,107.64,107.69,289250
TM,2016-03-04,109.55,110.29,109.0,109.56,204670
TM,2016-03-07,107.91,108.55,107.0652,107.23,745731
TM,2016-03-08,105.82,106.7,105.62,106.52,459473
TM,2016-03-09,106.25,106.91,105.8,106.86,202703
TM,2016-03-10,107.08,108.98,106.16,108.755,642942
TM,2016-03-11,109.26,109.28,108.54,108.66,216693
TM,2016-03-14,108.95,109.49,108.81,109.25,251573
TM,2016-03-15,107.22,107.42,106.446,107.41,405231
TM,2016-03-16,107.54,107.77,106.1,106.47,342982
TM,2016-03-17,107.93,108.48,106.44,106.89,354740
TM,2016-03-18,106.6,106.93,105.8,106.28,615529
TM,2016-03-21,107.14,107.43,106.41,106.41,442132
TM,2016-03-22,108.6,109.32,107.76,108.11,318657
TM,2016-03-23,108.1,108.99,108.1,108.48,291053
TM,2016-03-24,106.32,106.39,105.75,106.39,399772
TM,2016-03-25,106.32,106.32,106.32,106.32,0
TM,2016-03-28,108.69,109.09,108.092,108.5,450001
TM,2016-03-29,108.35,108.42,107.34,108.0,345852
TM,2016-03-30,107.6,108.1,107.45,108.0,323546
TM,2016-03-31,106.32,106.764,106.115,106.41,384488
TM,2016-04-01,103.54,104.03,103.01,103.47,531788
TM,2016-04-04,101.38,101.8699,100.91,101.66,993614
TM,2016-04-05,98.74,99.56,98.11,98.23,1156608
TM,2016-04-06,99.51,99.62,98.38,98.9,492386
TM,2016-04-07,98.27,99.25,97.8,99.21,547656
TM,2016-04-08,100.66,101.1,100.4,100.7,517069
TM,2016-04-11,98.43,99.09,98.3,98.53,988662
TM,2016-04-12,101.58,101.97,101.02,101.23,523414
TM,2016-04-13,104.26,104.31,103.49,103.76,628873
TM,2016-04-14,104.96,105.39,104.79,105.0,406521
TM,2016-04-15,103.68,104.51,103.49,104.51,399285
TM,2016-04-18,103.36,103.54,102.0,102.0,301883
TM,2016-04-19,104.7,105.38,104.45,105.1,251952
TM,2016-04-20,104.85,105.3275,104.16,104.72,261282
TM,2016-04-21,105.44,105.86,105.25,105.54,310509
TM,2016-04-22,107.45,107.57,106.665,106.96,473672
TM,2016-04-25,107.34,107.91,106.7,107.52,307547
TM,2016-04-26,107.32,107.43,106.76,107.35,252466
TM,2016-04-27,106.37,106.64,105.51,105.75,271073
TM,2016-04-28,102.96,104.66,102.81,103.62,740160
TM,2016-04-29,101.7,102.76,101.42,102.69,496682
TM,2016-05-02,102.47,102.7325,101.9601,102.52,336952
TM,2016-05-03,101.45,101.92,100.6,101.67,315576
TM,2016-05-04,100.62,101.68,100.589,101.68,350469
TM,2016-05-05,101.27,101.4499,100.665,101.26,377238
TM,2016-05-06,101.96,102.0799,101.2,101.58,283072
TM,2016-05-09,102.61,103.64,102.33,103.46,360166
TM,2016-05-10,104.82,104.82,103.95,104.15,483735
TM,2016-05-11,98.44,101.73,98.02,101.32,1241796
TM,2016-05-12,101.38,101.99,100.66,101.99,1043204
TM,2016-05-13,99.79,100.84,99.69,100.24,371557
TM,2016-05-16,100.82,101.12,100.12,100.17,322216
TM,2016-05-17,100.61,101.36,100.5,101.01,306061
TM,2016-05-18,101.53,102.09,100.53,100.6,374370
TM,2016-05-19,99.61,99.87,99.23,99.57,402595
TM,2016-05-20,100.61,101.08,100.4,100.63,340825
TM,2016-05-23,99.55,100.32,99.46,100.32,447887
TM,2016-05-24,100.64,101.11,99.4,99.93,852543
TM,2016-05-25,102.62,102.76,101.44,101.65,771966
TM,2016-05-26,102.27,102.75,102.07,102.39,370995
TM,2016-05-27,100.59,101.87,100.23,101.8,417571
TM,2016-05-30,100.59,100.59,100.59,100.59,0
TM,2016-05-31,103.41,103.9758,102.63,103.35,671503
TM,2016-06-01,103.33,104.28,102.8221,104.24,539435
TM,2016-06-02,103.82,103.99,103.21,103.4,301034
TM,2016-06-03,103.5,104.07,102.77,103.69,449850
TM,2016-06-06,105.54,105.84,105.1,105.62,559810
TM,2016-06-07,105.49,105.8,105.41,105.62,349453
TM,2016-06-08,105.65,105.8,105.29,105.56,217898
TM,2016-06-09,104.5,104.71,104.1496,104.5,283322
TM,2016-06-10,103.2,103.76,102.75,103.65,316670
TM,2016-06-13,101.69,102.6989,101.49,102.26,310023
TM,2016-06-14,101.08,101.55,100.23,101.17,375818
TM,2016-06-15,102.48,103.24,102.27,102.64,415151
TM,2016-06-16,101.99,102.12,100.58,101.01,305896
TM,2016-06-17,103.24,103.56,102.48,103.26,395135
TM,2016-06-20,105.8,107.05,105.63,106.71,567924
TM,2016-06-21,107.12,107.66,107.0,107.3,568139
TM,2016-06-22,106.5,107.55,106.42,107.01,881176
TM,2016-06-23,109.95,110.0,109.13,109.68,577048
TM,2016-06-24,103.96,105.18,103.05,104.13,783680
TM,2016-06-27,100.26,101.18,99.3,101.18,695005
TM,2016-06-28,99.85,99.94,98.39,98.96,966820
TM,2016-06-29,101.52,101.81,100.46,100.61,484071
TM,2016-06-30,99.99,99.99,98.81,99.86,1269538
TM,2016-07-01,99.64,100.21,99.366,99.58,515140
TM,2016-07-04,99.64,99.64,99.64,99.64,0
TM,2016-07-05,99.18,99.68,98.9,99.63,501521
TM,2016-07-06,99.78,99.85,98.48,99.36,423935
TM,2016-07-07,100.59,100.84,100.05,100.47,423269
TM,2016-07-08,102.07,102.1625,101.08,101.21,372362
TM,2016-07-11,105.66,105.88,104.8401,104.92,679308
TM,2016-07-12,106.54,107.28,106.51,106.75,456709
TM,2016-07-13,107.86,108.49,107.26,108.1,537172
TM,2016-07-14,107.98,108.41,107.818,108.39,296793
TM,2016-07-15,108.82,109.14,108.54,108.94,351346
TM,2016-07-18,109.01,109.18,108.545,108.68,233866
TM,2016-07-19,108.56,108.7,108.13,108.68,220506
TM,2016-07-20,109.3,109.4,108.72,108.9,192901
TM,2016-07-21,108.86,109.48,108.67,109.16,292852
TM,2016-07-22,109.68,109.88,109.5,109.62,206064
TM,2016-07-25,109.68,110.14,109.62,109.9,205321
TM,2016-07-26,109.6,109.77,109.1751,109.24,198180
TM,2016-07-27,110.57,111.46,110.07,111.41,384790
TM,2016-07-28,110.76,111.32,109.9,111.22,600033
TM,2016-07-29,111.6,112.79,110.88,112.42,756521
TM,2016-08-01,111.23,112.2,110.98,112.12,445102
TM,2016-08-02,109.97,110.8,109.08,110.34,534738
TM,2016-08-03,110.07,110.075,109.37,109.8,357961
TM,2016-08-04,112.31,112.48,111.31,112.27,907307
TM,2016-08-05,115.96,116.23,115.41,115.84,602922
TM,2016-08-08,117.41,118.52,117.29,118.13,667929
TM,2016-08-09,117.42,117.5,116.69,117.43,342127
TM,2016-08-10,116.95,117.35,116.9,117.01,191364
TM,2016-08-11,117.77,117.94,117.125,117.23,264717
TM,2016-08-12,117.79,118.18,117.47,117.57,239904
TM,2016-08-15,117.58,117.8944,117.5,117.5,120149
TM,2016-08-16,117.28,117.71,116.8,117.0,221619
TM,2016-08-17,119.2,119.22,118.52,118.53,536890
TM,2016-08-18,118.94,119.16,118.25,118.25,775204
TM,2016-08-19,119.62,119.85,119.4,119.47,356789
TM,2016-08-22,120.58,120.76,120.2,120.31,332242
TM,2016-08-23,119.8,120.4,119.8,120.27,169869
TM,2016-08-24,120.9,121.77,120.73,121.58,368506
TM,2016-08-25,120.29,120.96,120.21,120.76,354024
TM,2016-08-26,118.62,119.31,117.97,118.27,405456
TM,2016-08-29,120.34,120.44,120.01,120.02,205622
TM,2016-08-30,121.24,121.41,120.94,121.23,169532
TM,2016-08-31,120.63,121.37,120.04,121.19,395297
TM,2016-09-01,121.02,122.0,120.57,121.59,341122
TM,2016-09-02,122.08,122.09,121.52,121.52,339019
TM,2016-09-05,122.08,122.08,122.08,122.08,0
TM,2016-09-06,120.67,120.75,120.08,120.51,292556
TM,2016-09-07,120.74,121.8,120.591,121.37,268759
TM,2016-09-08,121.01,121.27,120.65,120.78,164454
TM,2016-09-09,118.66,120.15,118.64,120.0,370567
TM,2016-09-12,120.35,120.49,118.66,118.66,245522
TM,2016-09-13,118.81,119.82,118.36,119.34,350037
TM,2016-09-14,117.45,117.85,117.31,117.85,291787
TM,2016-09-15,118.17,118.37,116.821,117.02,224931
TM,2016-09-16,114.63,115.2,114.3803,114.87,600218
TM,2016-09-19,115.07,116.03,114.9722,115.25,221230
TM,2016-09-20,116.46,117.01,116.32,116.85,195433
TM,2016-09-21,119.45,120.2,118.01,119.63,402674
TM,2016-09-22,120.8,121.17,120.33,120.83,507692
TM,2016-09-23,117.66,117.89,117.26,117.62,402204
TM,2016-09-26,117.1,117.32,116.5,116.86,317199
TM,2016-09-27,118.32,118.6,117.79,118.6,325877
TM,2016-09-28,117.63,117.75,116.48,117.35,188063
TM,2016-09-29,115.99,116.85,115.76,116.53,400258
TM,2016-09-30,116.06,116.58,115.0,115.26,376299
TM,2016-10-03,115.26,115.67,114.34,114.49,609501
TM,2016-10-04,115.33,116.24,115.11,115.56,166113
TM,2016-10-05,117.07,117.175,116.43,116.43,202291
TM,2016-10-06,116.44,116.65,116.18,116.22,133605
TM,2016-10-07,115.89,116.09,115.22,115.96,228879
TM,2016-10-10,116.42,116.83,116.06,116.13,165178
TM,2016-10-11,115.32,115.8,115.02,115.8,224603
TM,2016-10-12,115.15,115.35,114.64,115.0,157721
TM,2016-10-13,114.69,115.2,114.09,114.53,231697
TM,2016-10-14,115.09,115.83,115.05,115.32,156786
TM,2016-10-17,115.43,115.84,115.08,115.18,163942
TM,2016-10-18,115.05,115.52,114.83,115.52,188106
TM,2016-10-19,114.89,115.38,114.89,115.13,112605
TM,2016-10-20,116.14,116.32,115.63,115.88,161558
TM,2016-10-21,115.27,115.36,114.61,114.86,174701
TM,2016-10-24,115.45,115.52,115.025,115.13,141251
TM,2016-10-25,115.25,115.75,115.24,115.43,159941
TM,2016-10-26,115.5,115.7,114.75,114.93,211167
TM,2016-10-27,114.85,115.5,114.81,115.39,216086
TM,2016-10-28,114.81,115.14,114.41,114.84,140473
TM,2016-10-31,115.66,115.79,115.4,115.51,135011
TM,2016-11-01,114.73,115.76,114.18,115.76,307298
TM,2016-11-02,113.38,114.67,113.13,114.14,227367
TM,2016-11-03,113.17,114.175,112.939,113.79,320414
TM,2016-11-04,110.56,111.2,110.24,110.53,321377
TM,2016-11-07,112.48,112.55,111.49,111.62,354401
TM,2016-11-08,113.81,115.4,112.62,113.0,228960
TM,2016-11-09,111.81,112.779,110.35,110.35,567677
TM,2016-11-10,110.86,111.4,109.9408,110.93,371899
TM,2016-11-11,111.95,112.05,111.37,111.45,158576
TM,2016-11-14,111.78,112.43,111.51,111.83,226735
TM,2016-11-15,112.49,112.49,111.81,111.98,141996
TM,2016-11-16,112.57,112.88,112.37,112.64,228650
TM,2016-11-17,113.24,113.24,112.36,113.0,201221
TM,2016-11-18,114.04,114.43,113.9201,114.06,235545
TM,2016-11-21,114.51,114.67,114.13,114.22,218349
TM,2016-11-22,113.78,113.87,113.25,113.71,153201
TM,2016-11-23,114.51,114.86,113.365,113.46,270600
TM,2016-11-24,114.51,114.51,114.51,114.51,0
TM,2016-11-25,117.8,118.15,117.41,117.7,191757
TM,2016-11-28,117.65,117.97,117.41,117.97,174715
TM,2016-11-29,118.3,118.568,117.94,118.15,190953
TM,2016-11-30,118.53,118.81,118.25,118.63,231619
TM,2016-12-01,117.77,118.71,117.5,117.69,260657
TM,2016-12-02,116.83,117.29,116.7,116.97,190881
TM,2016-12-05,117.56,118.08,117.3004,117.34,156934
TM,2016-12-06,117.88,117.92,117.2,117.44,133928
TM,2016-12-07,121.46,121.77,119.63,119.63,303712
TM,2016-12-08,122.81,123.175,122.54,123.05,430986
TM,2016-12-09,122.98,123.15,122.61,122.81,292173
TM,2016-12-12,121.86,122.45,121.39,121.8,247490
TM,2016-12-13,123.07,123.18,122.17,122.22,201881
TM,2016-12-14,121.06,122.45,120.98,121.95,161229
TM,2016-12-15,121.98,122.21,121.7,121.92,211497
TM,2016-12-16,121.0,121.45,120.71,120.87,203822
TM,2016-12-19,121.84,122.23,121.24,121.32,171919
TM,2016-12-20,121.67,122.06,121.25,121.36,257859
TM,2016-12-21,121.11,121.44,121.0,121.35,87468
TM,2016-12-22,120.66,120.9,120.47,120.7,104708
TM,2016-12-23,120.9,121.105,120.775,120.78,101935
TM,2016-12-26,120.9,120.9,120.9,120.9,0
TM,2016-12-27,119.39,119.96,119.04,119.46,234522
TM,2016-12-28,118.42,119.22,118.3984,118.96,105640
TM,2016-12-29,117.04,117.63,116.78,117.29,181657
TM,2016-12-30,117.2,117.91,116.82,117.77,153458
TM,2017-01-02,117.2,117.2,117.2,117.2,0
TM,2017-01-03,118.55,118.6699,117.83,118.17,203983
TM,2017-01-04,121.19,121.29,120.14,120.27,250601
TM,2017-01-05,120.44,121.39,120.32,121.19,525707
TM,2017-01-06,120.13,120.23,119.405,119.84,171558
TM,2017-01-09,119.74,119.96,119.4716,119.48,135759
TM,2017-01-10,119.76,120.06,118.79,119.09,214367
TM,2017-01-11,119.91,119.91,119.09,119.09,189750
TM,2017-01-12,119.64,119.94,118.36,119.64,218727
TM,2017-01-13,119.81,119.9,119.52,119.82,113085
TM,2017-01-16,119.81,119.81,119.81,119.81,0
TM,2017-01-17,118.41,118.96,118.1735,118.85,190556
TM,2017-01-18,118.79,118.99,118.5201,118.71,138537
TM,2017-01-19,119.31,119.95,118.895,119.56,106808
TM,2017-01-20,118.92,119.39,118.66,119.12,122597
TM,2017-01-23,118.29,118.45,117.75,118.45,138352
TM,2017-01-24,117.64,117.92,116.69,116.91,304216
TM,2017-01-25,119.06,119.285,118.52,118.62,233154
TM,2017-01-26,118.98,119.99,118.96,119.43,182434
TM,2017-01-27,116.69,117.09,116.5,117.09,196725
TM,2017-01-30,116.07,116.58,115.5533,116.36,159201
TM,2017-01-31,115.75,116.37,115.07,116.21,318979
TM,2017-02-01,115.26,116.15,115.04,115.84,324205
TM,2017-02-02,114.53,114.76,113.97,114.7,248818
TM,2017-02-03,115.12,115.46,114.69,114.7,187540
TM,2017-02-06,113.31,114.48,112.75,114.2,437927
TM,2017-02-07,113.04,113.52,112.73,113.5,344364
TM,2017-02-08,113.27,113.41,112.87,113.34,249168
TM,2017-02-09,111.92,111.99,111.12,111.81,445405
TM,2017-02-10,112.89,113.145,112.5,112.55,376916
TM,2017-02-13,114.13,114.5,113.89,114.07,413626
TM,2017-02-14,114.47,114.49,113.76,114.34,231936
TM,2017-02-15,113.61,113.72,113.32,113.72,189113
TM,2017-02-16,113.35,113.61,113.09,113.2,195963
TM,2017-02-17,113.7,113.7,112.34,112.49,240406
TM,2017-02-20,113.7,113.7,113.7,113.7,0
TM,2017-02-21,114.3,114.59,113.82,114.08,269484
TM,2017-02-22,114.4,114.45,114.07,114.21,186951
TM,2017-02-23,114.59,114.89,114.38,114.68,181617
TM,2017-02-24,113.77,114.03,113.49,113.9,179977
TM,2017-02-27,114.24,114.27,113.67,113.71,180659
TM,2017-02-28,113.15,113.6481,112.99,113.6,196015
TM,2017-03-01,114.74,114.98,114.51,114.82,240418
TM,2017-03-02,113.39,113.8856,113.16,113.59,252735
TM,2017-03-03,113.34,113.54,113.07,113.27,125840
TM,2017-03-06,112.91,113.14,112.75,113.14,162049
TM,2017-03-07,112.65,113.05,112.5,112.69,171605
TM,2017-03-08,111.8,112.59,111.76,112.55,180393
TM,2017-03-09,112.19,112.41,111.88,112.11,150498
TM,2017-03-10,112.66,112.98,112.4,112.84,287381
TM,2017-03-13,113.4,113.82,113.33,113.37,233720
TM,2017-03-14,112.09,112.6,112.01,112.48,130639
TM,2017-03-15,113.24,113.5,112.54,112.63,170519
TM,2017-03-16,113.24,113.955,113.17,113.71,109377
TM,2017-03-17,112.21,112.74,112.07,112.64,480458
TM,2017-03-20,112.0,112.6,111.94,112.26,186605
TM,2017-03-21,111.39,112.86,111.12,112.69,383127
TM,2017-03-22,110.83,111.0,110.12,110.89,279319
TM,2017-03-23,110.51,111.085,110.32,110.55,159938
TM,2017-03-24,111.36,111.62,110.92,111.11,161695
TM,2017-03-27,111.73,111.96,110.76,111.03,211671
TM,2017-03-28,112.41,112.59,111.79,111.9,205363
TM,2017-03-29,110.25,110.34,110.11,110.26,390120
TM,2017-03-30,110.06,110.3,109.89,110.0,202813
TM,2017-03-31,108.62,108.93,108.41,108.93,310008
TM,2017-04-03,108.52,108.8,107.91,108.62,258550
TM,2017-04-04,108.01,108.35,107.87,108.06,336433
TM,2017-04-05,106.14,107.03,106.0635,107.03,533853
TM,2017-04-06,105.5,105.89,105.34,105.68,392238
TM,2017-04-07,105.91,106.095,105.62,105.76,233696
TM,2017-04-10,105.98,106.48,105.815,106.11,379490
TM,2017-04-11,106.4,106.79,106.06,106.77,419350
TM,2017-04-12,105.44,105.99,105.3965,105.99,311479
TM,2017-04-13,104.18,105.15,104.17,105.13,346156
TM,2017-04-14,104.18,104.18,104.18,104.18,0
TM,2017-04-17,106.12,106.21,105.7,105.93,361938
TM,2017-04-18,105.32,105.66,105.08,105.62,199787
TM,2017-04-19,104.62,105.11,104.5,105.0,214012
TM,2017-04-20,106.0,106.16,105.6401,105.66,234556
TM,2017-04-21,106.58,107.24,106.46,106.85,226085
TM,2017-04-24,106.99,107.26,106.7,107.19,257511
TM,2017-04-25,108.72,108.94,108.55,108.61,310687
TM,2017-04-26,109.91,110.3302,109.8,109.92,409953
TM,2017-04-27,109.41,109.9,109.2,109.8,213768
TM,2017-04-28,108.14,108.59,108.07,108.35,227026
TM,2017-05-01,108.3,108.42,108.09,108.29,109130
TM,2017-05-02,109.24,109.68,109.07,109.52,267958
TM,2017-05-03,108.87,109.04,108.32,108.47,368597
TM,2017-05-04,109.16,109.27,108.44,109.27,152439
TM,2017-05-05,109.91,109.94,109.13,109.24,220021
TM,2017-05-08,110.19,110.35,109.99,110.0,170715
TM,2017-05-09,108.46,109.13,108.36,109.04,235162
TM,2017-05-10,105.81,106.35,105.69,106.29,441499
TM,2017-05-11,106.84,106.92,106.31,106.74,283544
TM,2017-05-12,106.46,106.63,106.17,106.17,277035
TM,2017-05-15,106.41,106.56,106.1,106.52,299975
TM,2017-05-16,106.92,107.36,106.65,107.1,276855
TM,2017-05-17,105.79,107.35,105.72,106.83,259002
TM,2017-05-18,106.77,107.0,105.84,105.89,211386
TM,2017-05-19,107.56,107.8,107.1,107.1,177821
TM,2017-05-22,107.5,107.96,107.203,107.35,330670
TM,2017-05-23,108.08,108.43,108.0,108.0,229787
TM,2017-05-24,107.32,107.65,106.95,107.5,152412
TM,2017-05-25,107.3,107.54,107.11,107.26,179869
TM,2017-05-26,107.1,107.1,106.6,106.78,157129
TM,2017-05-29,107.1,107.1,107.1,107.1,0
TM,2017-05-30,107.88,108.11,107.15,107.2,193843
TM,2017-05-31,107.54,107.71,106.75,107.37,185531
TM,2017-06-01,108.4,108.42,107.74,107.84,170476
TM,2017-06-02,109.37,109.62,108.87,109.04,274772
TM,2017-06-05,107.76,108.2292,107.5,107.93,181845
TM,2017-06-06,107.8,108.03,107.53,107.54,205521
TM,2017-06-07,107.53,107.98,107.4,107.88,127137
TM,2017-06-08,105.78,106.65,105.5101,106.5,433390
TM,2017-06-09,105.74,106.27,105.35,105.71,275271
TM,2017-06-12,106.45,106.66,106.11,106.23,388586
TM,2017-06-13,107.41,107.41,106.7,106.93,952803
TM,2017-06-14,106.7,107.17,106.36,107.13,149330
TM,2017-06-15,105.78,106.045,105.3,105.49,350653
TM,2017-06-16,104.9,104.99,104.585,104.99,299249
TM,2017-06-19,104.7,104.71,104.37,104.6,232843
TM,2017-06-20,103.82,104.55,103.62,104.5,301330
TM,2017-06-21,104.56,104.88,104.45,104.88,211323
TM,2017-06-22,105.49,105.64,105.32,105.38,229336
TM,2017-06-23,105.24,105.28,105.02,105.16,106361
TM,2017-06-26,104.98,105.55,104.97,105.25,157431
TM,2017-06-27,104.54,105.03,104.48,104.98,218944
TM,2017-06-28,105.31,105.35,104.77,104.99,193633
TM,2017-06-29,104.34,105.12,103.84,105.12,182730
TM,2017-06-30,105.02,105.29,104.66,105.03,169418
TM,2017-07-03,106.03,106.34,105.65,105.8,165739
TM,2017-07-04,106.03,106.03,106.03,106.03,0
TM,2017-07-05,108.53,108.78,108.1,108.15,493178
TM,2017-07-06,107.45,108.1,107.29,108.07,276675
TM,2017-07-07,108.47,108.6099,108.05,108.15,244383
TM,2017-07-10,108.22,108.48,108.14,108.21,120695
TM,2017-07-11,108.21,108.46,107.57,108.1,482508
TM,2017-07-12,109.87,109.88,109.26,109.62,312718
TM,2017-07-13,109.84,109.895,109.45,109.5,199711
TM,2017-07-14,110.2,110.68,110.05,110.05,293522
TM,2017-07-17,110.33,110.44,110.01,110.01,234409
TM,2017-07-18,110.0,110.2,109.66,110.2,184042
TM,2017-07-19,109.7,109.85,109.5622,109.59,149223
TM,2017-07-20,109.84,110.06,109.51,109.93,152018
TM,2017-07-21,109.31,109.5,109.05,109.47,177029
TM,2017-07-24,109.41,109.45,109.1,109.3,126955
TM,2017-07-25,110.13,110.545,109.75,109.84,199014
TM,2017-07-26,110.77,110.89,110.33,110.36,157163
TM,2017-07-27,111.67,111.98,111.22,111.27,224649
TM,2017-07-28,112.26,112.26,111.81,111.83,187264
TM,2017-07-31,112.84,113.0,112.46,113.0,141506
TM,2017-08-01,114.17,114.38,113.59,114.12,371602
TM,2017-08-02,114.19,114.19,113.49,113.78,178401
TM,2017-08-03,112.73,112.88,112.2801,112.75,252950
TM,2017-08-04,113.64,113.8,112.99,113.76,150429
TM,2017-08-07,114.13,114.16,113.92,113.98,141275
TM,2017-08-08,114.22,114.49,114.0314,114.26,142989
TM,2017-08-09,113.1,113.29,112.85,113.11,111954
TM,2017-08-10,112.38,113.78,112.21,113.6,280835
TM,2017-08-11,112.12,112.67,111.89,112.46,355285
TM,2017-08-14,113.03,113.38,112.77,112.86,211052
TM,2017-08-15,113.28,113.65,113.28,113.4,184484
